0.0	0.0	0.0
239.02811659178423	91962.68768903383	1010.2655881235861
478.0182916321003	183986.0753028223	2009.894748137248
716.9649316706241	276053.0887132439	2998.478019577643
955.8628369733727	368149.33027615235	3974.242525748925
1194.7072880948067	460256.9945451313	4936.554942575292
1433.4941251474547	552356.385436193	5885.999503709391
1672.2198308169127	644430.78177579	6822.033809931377
1910.8816118806412	736456.751502336	7742.6886381138
2149.477446575057	828421.2290255418	8648.40434465188
2388.006109717085	920340.9878722833	9545.01438306967
2626.4671934378857	1.0122308775433445e6	10436.22365217111
2864.861107894153	1.1040768684161145e6	11320.009162692804
3103.189056560363	1.1958408967917182e6	12191.254061308318
3341.4529973246995	1.2874912500460763e6	13046.715513188876
3579.6555983963895	1.3790050684743682e6	13885.210344158224
3817.8001536069487	1.470359374091516e6	14705.64945169616
4055.890481570106	1.561546600929184e6	15508.647854885216
4293.930836889706	1.6525606303010627e6	16294.803323676577
4531.925814460618	1.7433897256321474e6	17064.016165874757
4769.880208146869	1.8340078555143173e6	17814.970174706214
5007.79886959837	1.924442948395896e6	18550.70755624464
5245.686604620975	2.0147576103543248e6	19276.78635118341
5483.548060674644	2.104918591027688e6	19990.93434182116
5721.387586395852	2.1949077652020548e6	20692.06581348003
5959.2091114961195	2.2847613882023683e6	21383.182422504007
6197.016071778305	2.3744347613443383e6	22061.35044056585
6434.8113291639975	2.463874547452094e6	22723.186389044655
6672.597093627316	2.553055365620481e6	23367.51796464246
6910.374877345215	2.6419758276455947e6	23994.742353593185
7148.1454808916305	2.730660402593516e6	24606.90086246364
7385.908986061306	2.819103827095134e6	25204.04470492279
7623.664773984934	2.9072934448681395e6	25785.767805594525
7861.411568861535	2.995242591345964e6	26353.201369575236
8099.147490348419	3.08297369418881e6	26907.95504967711
8336.870125562587	3.170483394711568e6	27450.089345361186
8574.576629842662	3.2577724699198236e6	27979.88247000551
8812.263829334048	3.3448635918750195e6	28498.80159678275
9049.92831160626	3.4317781466972083e6	29008.1871043565
9287.566540892616	3.5185294476769306e6	29508.896987296608
9525.174985498734	3.605151855093644e6	30002.84943036219
9762.750218777726	3.6916855795413796e6	30492.208329378438
10000.288999392882	3.7781237264028685e6	30976.68348729232
10237.788368204076	3.8644712062682635e6	31456.57818513413
10475.245733430362	3.9507552096608393e6	31933.31132658428
10712.658913402562	4.0369662313328427e6	32406.47283399159
10950.026163960445	4.1231011093520387e6	32875.999068148245
11187.346202806031	4.209177948776062e6	33342.88070121053
11424.618209024258	4.295215821090839e6	33808.152625513976
11661.841789323818	4.381236346322087e6	34272.852761511276
11899.01693715741	4.467253218718179e6	34737.628600754455
12136.143973020611	4.553277617115047e6	35203.22009983598
12373.223468821421	4.6393249763982445e6	35670.51176261587
12610.256167224614	4.725398947204609e6	36139.56698296102
12847.24289174449	4.811508414600708e6	36610.851962073146
13084.184450775285	4.897686311987561e6	37086.32834020127
13321.081549224406	4.983962572070854e6	37567.74042505569
13557.93470874219	5.070353002605432e6	38055.98423461792
13794.74419205933	5.1568738168678405e6	38552.01625396911
14031.509943481322	5.243558249521745e6	39057.8505334637
14268.231548708687	5.330426077627467e6	39574.730412464465
14504.908208423323	5.417480341267856e6	40102.92783550148
14741.538739469604	5.504736159749433e6	40643.472826035235
14978.121596632092	5.59220838906369e6	41197.413143560254
15214.654899138257	5.679935761689069e6	41767.34425280488
15451.136494061386	5.767932942060201e6	42354.39047443258
15687.564042859562	5.85618741785738e6	42957.98482704488
15923.935100245046	5.944693768443925e6	43577.97731507601
16160.247209499415	6.033397863390162e6	44210.971485691196
16396.498023942975	6.122284114031179e6	44856.06777018363
16632.685421933376	6.211419093024997e6	45517.853993781566
16868.807602938774	6.300858809852553e6	46200.32341282295
17104.863202825472	6.390618595015784e6	46904.78145361794
17340.851397047812	6.480683967306731e6	47630.473132543295
17576.771976180065	6.571042444354815e6	48376.73583545789
17812.62541630482	6.661717300832039e6	49145.405326367974
18048.412922637133	6.752707663268369e6	49936.56742547159
18284.13645108407	6.84398230845676e6	50748.09120215377
18519.798721759584	6.935532262880916e6	51579.370613528015
18755.403178709148	7.027360831468414e6	52430.61564130501
18990.953923519693	7.119373241793611e6	53294.98513853149
19226.45567684053	7.211468701386081e6	54165.24920521504
19461.913657221914	7.303667299734624e6	55042.82322643292
19697.33343038135	7.3960609923321465e6	55934.07163489201
19932.720815477907	7.488696348548497e6	56842.023884847586
20168.08172331805	7.581540575336587e6	57764.0268746759
20403.42196317512	7.674577563061999e6	58698.52185525704
20638.747105816346	7.767797623710241e6	59644.21952853205
20874.062330073713	7.8611635698629e6	60598.257123400545
21109.372239848723	7.954618013703309e6	61556.94460456109
21344.680730557604	8.048138500814237e6	62518.739156349766
21579.99088347579	8.141723184569713e6	63483.25047292558
21815.30484742071	8.235384239311665e6	64450.278441246686
22050.623764457712	8.329126230061001e6	65418.71448286771
22285.947732108056	8.422929132452201e6	66386.3515252345
22521.275787518047	8.51677007824025e6	67350.2078581115
22756.605934113177	8.61062319740473e6	68307.68134903917
22991.93517378984	8.704461796754574e6	69256.80862542661
23227.259596029486	8.79826035105891e6	70194.93154390594
23462.574509278824	8.891987371314393e6	71118.52282441974
23697.874541121586	8.98561869955683e6	72025.55267432501
23933.153794056838	9.079136539813887e6	72915.04017597488
24168.406046249685	9.172509276687408e6	73783.88722462725
24403.62490459295	9.26570580816862e6	74629.26147938508
24638.803972751968	9.358711553580742e6	75450.6164970422
24873.93706755813	9.45151204004215e6	76247.38635782796
25109.018385197684	9.544086978800178e6	77018.30069687095
25344.042634881487	9.636395376004701e6	77759.99834597218
25579.005213647586	9.728416084687848e6	78471.41173742348
25813.90233353974	9.820153969311215e6	79154.31254711623
26048.731092906157	9.911596257780317e6	79808.57116036942
26283.489564011375	1.0002696478156285e7	80431.11171480725
26518.176836136292	1.00934398246465e7	81021.86647323678
26752.793017181335	1.0183846770450195e7	81583.96263026688
26987.33921306303	1.0273898387883998e7	82117.07039233732
27221.817468557212	1.0363561606969696e7	82619.9165565122
27456.230709496915	1.0452839993451234e7	83094.10857188079
27690.582624468632	1.0541753295595527e7	83542.40359868211
27924.87752151092	1.0630356686658178e7	83969.55428597216
28159.120233827456	1.0718767184091127e7	84383.97244728419
28393.315942704892	1.0807044763035454e7	84789.83050911069
28627.469997209053	1.0895100252756601e7	85181.80954469283
28861.587813081427	1.09827792441341e7	85551.17118374002
29095.67469085788	1.1070051542220358e7	85897.23766729028
29329.735654637654	1.1157045704638526e7	86228.12467169926
29563.775373598233	1.1243852598315477e7	86549.20322459447
29797.798025817374	1.1330349568276767e7	86854.80319531183
30031.8071991138	1.1416453189334687e7	87141.64860871712
30265.805856756473	1.1502204335784322e7	87412.77067067086
30499.796277926103	1.1587611728739817e7	87669.51904463864
30733.780036979864	1.1672671188180273e7	87912.71597412294
30967.758020890964	1.1757373910672493e7	88143.04424656306
31201.730450078794	1.1841743153388971e7	88362.28050454023
31435.69692475658	1.192580835706914e7	88572.2780864797
31669.65648574094	1.2009561436029293e7	88773.70294393049
31903.607695016322	1.209300989843435e7	88967.63047626363
32137.548719506987	1.2176188643963113e7	89155.76574097511
32371.477415095553	1.2259117791436806e7	89339.32235281251
32605.391432946406	1.234178927916249e7	89519.06243109617
32839.28830678914	1.2424218650684137e7	89696.07320167297
33073.165536288005	1.2506442700020157e7	89871.66484659734
33307.020685134856	1.2588473048857916e7	90046.78678242712
33540.85144567052	1.267031258357038e7	90222.502863302
33774.655701430485	1.2751980110907888e7	90399.77958394197
34008.4315924483	1.2833503946957238e7	90579.43197278044
34242.17754421502	1.2914892355508694e7	90762.54477893907
34475.892296231534	1.2996155599989675e7	90950.24257035932
34709.57492244021	1.3077314986684931e7	91143.22661041682
34943.22482332068	1.3158389390027503e7	91342.13385085858
35176.841714010705	1.3239392381649662e7	91547.76011516471
35410.42559859025	1.3320333048395064e7	91761.58537962977
35643.976730199276	1.3401224895931197e7	91984.51590425025
35877.49555832391	1.3482085677484522e7	92216.64009822068
36110.982664248455	1.3562927830371529e7	92458.59033220622
36344.43869292371	1.3643763994000766e7	92712.0879686231
36577.86426809547	1.372460655816554e7	92977.7317363791
36811.25990297924	1.3805466393472765e7	93254.98652148982
37044.62590957476	1.3886355073349217e7	93544.69063071409
37277.962300903906	1.396728610568411e7	93848.07507710134
37511.268693778075	1.4048261425917828e7	94163.42909835678
37744.5442148168	1.4129270711047491e7	94486.82407137007
37977.78741986006	1.4210323601880297e7	94819.32413265815
38210.99620647821	1.42914438974499e7	95164.55632570985
38444.16775430751	1.4372642744791826e7	95523.03757175883
38677.29849816699	1.4453926104230799e7	95894.19078843205
38910.38406732662	1.4535310224928077e7	96278.77336680227
39143.41930845257	1.4616777047077615e7	96673.41558972937
39376.39833401127	1.4698298897088181e7	97074.12567279716
39609.31452922702	1.477990722905571e7	97483.60828128348
39842.160680122346	1.4861642785652393e7	97904.55031136837
40074.92908518805	1.4943511138895573e7	98335.90036706219
40307.611675556465	1.502550888062984e7	98775.85684098695
40540.200241048544	1.5107642153697731e7	99223.361046725
40772.68657877809	1.518992540287946e7	99677.5526644589
41005.06272933139	1.5272372140574222e7	100137.30428695978
41237.321250268644	1.5354980589280553e7	100600.88299611038
41469.455397371756	1.5437749674980175e7	101066.66876215191
41701.45940376307	1.5520700612286778e7	101533.20240275236
41933.32871509134	1.56038408564692e7	101998.88308336315
42165.06018733367	1.5687162002940888e7	102462.1077017141
42396.65229732017	1.577066831945663e7	102921.3905038462
42628.10529651333	1.585438402151957e7	103374.55307132899
42859.42131827274	1.5938315233388003e7	103820.05945717027
43090.604454704524	1.6022448366954336e7	104257.1685137103
43321.66077263371	1.610679805758751e7	104684.13630060863
43552.59823893254	1.619138133953385e7	105099.1035244032
43783.42666821404	1.6276194910644691e7	105501.36439516977
44014.15750702958	1.6361232516331594e7	105890.55644674087
44244.80363970019	1.6446517571689155e7	106264.70771565256
44475.37912529545	1.6532057654330373e7	106622.9245699913
44705.89883138047	1.661778260785159e7	106969.3730395733
44936.378160937114	1.6703631554335112e7	107307.87353845664
45166.83260160766	1.678966155322743e7	107634.74620224586
45397.27742132242	1.6875959488218993e7	107944.41065511467
45627.727246500646	1.6962529490909703e7	108236.75623091772
45858.195669923945	1.704935056275525e7	108513.39999187461
46088.694976703126	1.7136435056937665e7	108773.95909592755
46319.2357824057	1.7223797608447503e7	109018.05524676375
46549.82683955481	1.731142779305262e7	109246.88035514439
46780.47481276669	1.7399313049709752e7	109461.77529331174
47011.18416096013	1.74874747393572e7	109662.33326815911
47241.95708739749	1.7575913484040402e7	109849.28658230205
47472.7935249522	1.766454669371331e7	110027.18977104909
47703.691227871604	1.77533080794067e7	110199.40307052797
47934.64591862094	1.784227716209926e7	110362.9532018585
48165.651450183046	1.7931511638280377e7	110516.09431763751
48396.70008259202	1.8020983420702077e7	110660.76265985033
48627.78275763012	1.811069665859297e7	110797.66500727873
48858.88939287445	1.820065677690855e7	110927.54523679364
49090.00925995679	1.8290845779225964e7	111051.79261096873
49321.13125702171	1.8381242400653165e7	111171.79390517855
49552.244294732925	1.847185267254226e7	111288.39636055753
49783.337591645715	1.8562669182107925e7	111402.70630139727
50014.40095521544	1.8653664796121575e7	111516.08152819
50245.42508884695	1.8744824958827835e7	111629.67327890148
50476.401753385384	1.8836137327342883e7	111744.63033014291
50707.32398380445	1.8927599312897608e7	111862.58737137336
50938.18619292775	1.9019195413890794e7	111984.94764105258
51168.98424605352	1.911089817077756e7	112112.76531111194
51399.7155084285	1.9202695415843092e7	112247.82656204817
51630.37879540645	1.9294574558578793e7	112392.38394808109
51860.97431215005	1.938651519338389e7	112547.93996091622
52091.50355055059	1.947849640471836e7	112715.74462652225
52321.96913275856	1.95705023767739e7	112898.96672342267
52552.37465058122	1.9662516940287918e7	113095.04593801909
52782.72447305957	1.9754530393965427e7	113298.14367489002
53013.023531058716	1.9846541674635082e7	113507.28282918519
53243.277131934716	1.9938537281981893e7	113731.4382659716
53473.490730491634	2.003049724689558e7	113979.07757169877
53703.669760592464	2.012240694800556e7	114251.00132152082
53933.81944080863	2.0214255725633368e7	114547.86401693228
54163.94461489629	2.030604916286508e7	114865.18690601598
54394.049634086776	2.039778079257315e7	115203.50388179127
54624.13823257016	2.048942045732587e7	115571.45771214104
54854.213471210795	2.058094531501123e7	115974.65612643202
55084.277677951184	2.0672329959887564e7	116419.07496289312
55314.33243639638	2.076355831978235e7	116908.03973521166
55544.378594110436	2.0854665929836098e7	117430.56766869502
55774.416288783	2.094568932103002e7	117976.24661342548
56004.44500725238	2.1036569111576494e7	118560.82865444645
56234.46365026336	2.1127253903829277e7	119197.51709246282
56464.47061129678	2.1217750315735202e7	119883.93773664998
56694.46386964258	2.1308042941498224e7	120623.51069275275
56924.4410714275	2.139811431742215e7	121420.10290333194
57154.39963064991	2.148796725569257e7	122272.29995318282
57384.336804527295	2.157760961576538e7	123177.3388479789
57614.24977768133	2.1667021746095546e7	124139.20832087351
57844.135739128884	2.175619842485422e7	125158.11411745055
58073.99193062727	2.1845157317778047e7	126228.47712897338
58303.8157077056	2.193396899936414e7	127332.85822684567
58533.60456661463	2.202270241015348e7	128454.91716867946
58763.35618094247	2.211134384251998e7	129597.5586408056
58993.06841033109	2.219982777677249e7	130774.50380460829
59222.7393126619	2.2288099771734986e7	131995.98176493152
59452.36714492104	2.2376155420587137e7	133260.46248795852
59681.95035283017	2.2464010169485953e7	134562.24324547258
59911.487566869815	2.2551682923707385e7	135894.9591070949
60140.977583239706	2.26391830020824e7	137253.98998990207
60370.41935562502	2.2726506367635217e7	138636.05370866286
60599.81197934826	2.2813696786073465e7	140032.80204204196
60829.15468462191	2.2900810192271043e7	141436.320811595
61058.446829567525	2.2987819808669914e7	142846.41930135136
61287.687900625424	2.3074692584029038e7	144260.24686185303
61516.877519069625	2.316144307137167e7	145671.65028231096
61746.01545140676	2.3248095039775077e7	147074.82702236812
61975.10162967417	2.333465812957322e7	148463.19444810433
62204.13617315044	2.342114362674383e7	149829.84489676924
62433.1194173854	2.3507569481514957e7	151169.84287129424
62662.0519448598	2.3593952284928314e7	152478.99767863489
62890.9346147598	2.368030342721627e7	153748.984080356
63119.76859460299	2.3766636899293955e7	154974.8254237441
63348.55537970621	2.3852968215251528e7	156155.67668583425
63577.29681475241	2.393930946294441e7	157287.3924283229
63805.99509052741	2.4025674632560324e7	158362.08211299925
64034.65274322194	2.411207460384801e7	159377.4070576519
64263.272620069685	2.4198516454839215e7	160335.87536243122
64491.8578398333	2.4285011562742714e7	161232.76362336215
64720.41172857534	2.4371569831538215e7	162064.78668045343
64948.93773438794	2.4458194418663576e7	162834.90049095135
65177.43933424604	2.45448876635699e7	163545.55772451335
65405.919913050086	2.4631653182747778e7	164197.17276141714
65634.38264631029	2.471850022295067e7	164785.43185535588
65862.83036177103	2.4805426565151647e7	165314.12357894008
66091.26541432721	2.489240594071789e7	165803.7823973589
66319.68955518818	2.4979427376719516e7	166262.85535026464
66548.10382077293	2.5066511832177207e7	166676.3232308036
66776.50843760294	2.5153667264683258e7	167038.0685829701
67004.90274819444	2.5240883027383775e7	167354.71566746282
67233.28517677698	2.5328146297571406e7	167634.35621117358
67461.65321164334	2.5415441310888764e7	167888.02362357944
67690.00344731922	2.5502766795906525e7	168114.08246235107
67918.33163480669	2.559012384571064e7	168306.83524684052
68146.63280045716	2.5677499661811896e7	168474.3293509271
68374.90136792857	2.5764883975251723e7	168623.82995093276
68603.13133305093	2.5852271649710737e7	168751.530390246
68831.3164550143	2.5939650610947415e7	168854.66780516788
69059.45045572368	2.6027003228367083e7	168935.40549573765
69287.5272448445	2.6114321400055945e7	168999.92325732813
69515.54112367643	2.620160908537484e7	169055.03453529617
69743.487002797	2.6288854229155943e7	169101.17924901147
69971.36057827789	2.6376042508368522e7	169138.18966089227
70199.15850357544	2.6463177614474643e7	169168.65746743095
70426.87850770383	2.6550234626990236e7	169192.36910325655
70654.51949013812	2.6637174319209408e7	169208.8566851253
70882.0815575589	2.6723976413641743e7	169219.75569440302
71109.5660232869	2.681066511968472e7	169227.3467177112
71336.97535088149	2.689725406858971e7	169232.96540744725
71564.31305561087	2.6983709730167456e7	169236.63002181152
71791.58355812727	2.7070037784819834e7	169238.93404087375
72018.7920018953	2.7156219372284938e7	169240.27709761928
72245.9440360003	2.7242235835684e7	169240.89433949467
72473.04557653386	2.7328112043011848e7	169241.16234629898
72700.10255124657	2.741380480396453e7	169241.23519460825
72927.12064233294	2.749931620022827e7	169241.24271443396
73154.10503414265	2.7584674112384494e7	169241.2957522033
73381.0601782056	2.766978454107155e7	169241.49807137152
73607.9895865928	2.7754588151369084e7	169241.91305732468
73834.89565701253	2.7839128428394563e7	169242.49445714563
74061.77954822773	2.7923465959166102e7	169243.1749621967
74288.64109420244	2.8007567724979494e7	169243.91478452657
74515.47878530054	2.8091353465239156e7	169244.66131326865
74742.28978703232	2.8174801976704683e7	169245.33285602686
74969.07003371195	2.8257905504575185e7	169245.85943394853
75195.8143511823	2.834062497971778e7	169246.18554305122
75422.51665090838	2.8422956842895146e7	169246.32301361772
75649.17013950074	2.85049307689351e7	169246.3540946567
75875.76758378363	2.8586526163031656e7	169246.40312855435
76102.30157571235	2.8667785972683504e7	169246.6031995121
76328.76482561238	2.8748819896473847e7	169247.0078573207
76555.15044183147	2.88296092416865e7	169247.77572254787
76781.45220043327	2.891003557666407e7	169249.33707656292
77007.66480287096	2.8990083342320345e7	169252.0591591018
77233.78407104648	2.906979343889221e7	169256.21224109567
77459.80713668843	2.9149165605530355e7	169262.21281462887
77685.73253821765	2.9228189785898857e7	169270.6030041471
77911.56029908283	2.9306924250939734e7	169281.34977827474
78137.29191957744	2.9385473061509337e7	169293.8322333368
78362.93032596755	2.9463815939322755e7	169308.51653446065
78588.47976130516	2.954188649245695e7	169326.45516994921
78813.94561317062	2.961969421334554e7	169347.96987012215
79039.33422284912	2.9697261473612018e7	169373.20202495705
79264.65262293578	2.977460380274509e7	169402.3419965415
79489.908295529	2.9851725767622154e7	169435.79674837817
79715.10887299603	2.9928649765797317e7	169473.55346031956
79940.26186852534	3.000541237073504e7	169515.22165229337
80165.37441091154	3.00820259388838e7	169560.9120115892
80390.45297678384	3.015850848390264e7	169610.5452937675
80615.50320294664	3.023488951020303e7	169663.63886023968
80840.52968812635	3.0311193316029303e7	169719.77242369662
81065.53588226489	3.038743727718772e7	169778.79672524365
81290.5239997767	3.046364352407322e7	169840.2730733123
81515.49499721064	3.053983667281873e7	169903.52472141196
81740.44860899447	3.0616036538257863e7	169968.1388462255
81965.38341535692	3.0692264478290863e7	170033.66464563974
82190.29698050204	3.0768538347007792e7	170099.5703520001
82415.18601697874	3.0844872856395602e7	170165.35781904255
82640.04658060794	3.092129126014288e7	170230.51396777565
82864.87430463647	3.0997809626460392e7	170294.586358167
83089.66462165242	3.107443469188494e7	170357.23321626088
83314.41302020809	3.11511801870785e7	170418.08125584424
83539.11526270819	3.1228068186289504e7	170476.64053132362
83763.7676102132	3.130510627852761e7	170532.68465094268
83988.36701571807	3.1382291116615675e7	170586.20276368415
84212.91126908103	3.1459628844449975e7	170637.05580006048
84437.399124755	3.153713626803098e7	170684.94486997888
84661.83036099198	3.161482034732299e7	170729.76895430216
84886.20580230058	3.169267079490025e7	170771.7483738261
85110.52729876516	3.1770682863377217e7	170811.02166735553
85334.79763908121	3.1848819544942856e7	170848.25031787567
85559.02044471604	3.1927056974653747e7	170883.87008207972
85783.20000961432	3.200542843905277e7	170917.41084430218
86007.34110438942	3.208396141260979e7	170948.54127382996
86231.44878981399	3.2162655422650747e7	170977.38808520453
86455.52817576102	3.2241494617009815e7	171004.2988147744
86679.58422591408	3.232046461705749e7	171029.58778465647
86903.62153262511	3.239956596462298e7	171053.39903331498
87127.64412266373	3.247878708290652e7	171076.01246218002
87351.65530545436	3.2558105297808547e7	171097.8188932626
87575.65752555474	3.2637511381639723e7	171119.08231962787
87799.65228499463	3.2716995087779492e7	171140.10301797258
88023.6400906332	3.279653909904279e7	171161.21708379983
88247.62044517677	3.287612588636342e7	171182.75720178854
88471.59189575937	3.2955741403800994e7	171205.06961942793
88695.55211426728	3.3035371631994624e7	171228.67624420807
88919.49801309496	3.311500140504197e7	171253.9815283387
89143.42591055708	3.3194621457681097e7	171280.742477492
89367.33168929281	3.3274226798119746e7	171308.94295715436
89591.21100816056	3.335380031003081e7	171339.73831873905
89815.05949711561	3.343332441010326e7	171374.13876037757
90038.87295553189	3.3512788413647324e7	171412.65119663024
90262.64756126859	3.3592172663221836e7	171456.5459030103
90486.3800233224	3.3671464018583536e7	171506.79368383336
90710.06774413305	3.3750657265246764e7	171563.97495405038
90933.70892492711	3.382974532098452e7	171628.9210284238
91157.30263883644	3.390874663759484e7	171700.53307218666
91380.84886787529	3.398768192992594e7	171777.44193752095
91604.34847907872	3.4066552653202966e7	171859.70638705467
91827.803156226	3.41453316268943e7	171949.95027389948
92051.21530172818	3.4223977873074025e7	172052.37787971014
92274.58787274048	3.430247892120655e7	172169.06737050923
92497.92419021118	3.438083353629387e7	172301.25850050984
92721.22773179851	3.4459024174327e7	172452.3245952615
92944.50187680192	3.453704825473918e7	172624.09925529192
93167.7496786246	3.461491869611969e7	172816.6618301255
93390.97361276433	3.469263494891579e7	173031.80255967943
93614.1753455723	3.477018864512335e7	173272.8442976426
93837.35554738814	3.484760446657877e7	173537.40829496764
94060.51373230416	3.492493033635193e7	173818.3263177876
94283.64814552419	3.500217854110024e7	174114.13846099732
94506.75572942043	3.5079340681186706e7	174427.26451411602
94729.832140975	3.515638659302082e7	174765.29518372912
94952.87183231972	3.5233294040096715e7	175135.15504218024
95175.86824122391	3.531006219491849e7	175540.04650917626
95398.81397330872	3.538669209109033e7	175983.02952400327
95621.70111904817	3.5463216876951054e7	176457.32889503133
95844.5216038036	3.5539675270221084e7	176952.85253945104
96067.26752182232	3.561604702267905e7	177478.46067499576
96289.93157600601	3.569231126810221e7	178044.35503251117
96512.5074361006	3.5768481561793305e7	178649.4134115501
96734.99013407639	3.584456385693371e7	179295.40913409955
96957.37643337	3.5920562746690445e7	179985.06648696458
97179.66509354782	3.599648993457602e7	180717.15511257644
97401.85709961256	3.607235811223366e7	181489.2720808615
97623.95580885407	3.614817124346233e7	182304.8219343651
97845.9669941655	3.622393785185107e7	183163.48358509183
98067.89875097263	3.6299670491943575e7	184060.8337045635
98289.76140627694	3.637537652252826e7	184995.74309807658
98511.56722419987	3.645106210118038e7	185968.30997241382
98733.33000934827	3.652673297686995e7	186979.3071925496
98955.06480111294	3.660239592500387e7	188021.3459356707
99176.78732255375	3.667805598314121e7	189083.19895648042
99398.5134673975	3.675371528839882e7	190169.46566167686
99620.25885646224	3.6829376640484005e7	191286.57806193418
99842.03824722182	3.6905043335527495e7	192431.7426274856
100063.86511467723	3.698071794700635e7	193603.55021973758
100285.75124437975	3.705640276134161e7	194801.4412285544
100507.70632563176	3.7132096648190625e7	196019.35389876872
100729.73776272523	3.720779579121167e7	197247.82500316922
100951.85048114824	3.72834985861878e7	198483.32391408173
101174.04683549052	3.735920767860964e7	199730.66704504873
101396.32666417136	3.7434925247900814e7	200994.08216748957
101618.68740630658	3.75106497726741e7	202272.06865627324
101841.12429437824	3.7586378701960646e7	203563.20300143393
102063.63062412135	3.766210847631078e7	204864.99625315217
102286.1981230057	3.7737834955513984e7	206174.4589665171
102508.81725898085	3.781355375696473e7	207489.57309313107
102731.47767684817	3.788925871861554e7	208808.52455195296
102954.1686312132	3.7964943860841095e7	210129.2966611699
103176.87931606456	3.8040610950914815e7	211450.07280861883
103399.59929969866	3.811626283050467e7	212770.09970113137
103622.31881545801	3.819188641408947e7	214087.78498024406
103845.02905522364	3.826746911157572e7	215401.13632343107
104067.72243799653	3.834300740869039e7	216708.90172291576
104290.39272002429	3.8418491531368256e7	218009.1748930461
104513.03512521843	3.8493913400677e7	219300.36144522054
104735.6463759954	3.856927045123673e7	220581.75201742403
104958.22464930255	3.864455831379367e7	221852.469193225
105180.76949752468	3.871976907777869e7	223111.13523530055
105403.28170594909	3.879491867862562e7	224360.17321939315
105625.7631041504	3.887001960874155e7	225601.50895749958
105848.21634876844	3.89450442867193e7	226830.73056830303
106070.64469817636	3.901997272829186e7	228044.5902716048
106293.05174903611	3.9094824401019454e7	229246.12699096726
106515.44120780638	3.9169624724746294e7	230439.37959333984
106737.81665545194	3.9244348869812556e7	231620.22608782057
106960.18132015954	3.9318972828023426e7	232784.57829905584
107182.53791918317	3.9393502947471336e7	233933.20787795255
107404.88850045913	3.946794015535127e7	235065.92698961945
107627.23433389259	3.954229438268885e7	236184.08779612882
107849.57585568275	3.961658703768141e7	237291.18000552733
108071.91264596561	3.969081706114147e7	238386.60700504645
108294.24344529414	3.976496832218008e7	239466.79162068153
108516.56622075003	3.983903386985753e7	240529.34205950925
108738.87827078813	3.991302025322081e7	241574.33827364008
108961.17633388138	3.998694166191626e7	242603.38244296034
109183.45675641188	4.006080370877691e7	243615.9257406698
109405.71565813269	4.01346132491733e7	244611.32156719902
109627.9490990986	4.020838248919767e7	245590.41473844403
109850.1532816937	4.02821240460382e7	246554.19403087356
110072.32470142037	4.035585036663675e7	247505.50162165443
110294.46031705113	4.042957054815181e7	248447.45098875047
110516.5577049926	4.0503290672202274e7	249377.56751649693
110738.61515364185	4.057702186052707e7	250292.6748740383
110960.6317550247	4.065077945920088e7	251192.10328689465
111182.60745202095	4.072456955841218e7	252078.55543110322
111404.5430428154	4.079838719946197e7	252956.59050861606
111626.44014250074	4.087224295278448e7	253825.35623420627
111848.30111943894	4.094616750515168e7	254680.37070405966
112070.1289796217	4.102017968092712e7	255520.87424050778
112291.92720578033	4.109428709908204e7	256348.39706640947
112513.69961207401	4.116850625612837e7	257162.86257651038
112735.45013214216	4.124285863337297e7	257963.7815357505
112957.18260160818	4.1317333116921544e7	258753.5027472317
113178.90057374958	4.139189410283695e7	259535.9378343016
113400.60709652255	4.146657119204571e7	260309.41166732443
113622.3045281639	4.1541412242031634e7	261071.12014087298
113843.99438188567	4.16164259723054e7	261821.49714262286
114065.6771888638	4.1691612845760494e7	262561.3443299219
114287.35240834366	4.176693776571275e7	263293.2678672702
114509.0183825967	4.184239191271582e7	264018.1946908701
114730.67234757099	4.191802341269189e7	264733.9506827755
114952.3104544144	4.19938767183573e7	265438.84559862746
115173.92787901586	4.206995898114379e7	266133.11194478325
115395.51897360448	4.214625697000345e7	266817.8850707214
115617.0773936475	4.2222773371362485e7	267493.47506920167
115838.59633033491	4.22995259422363e7	268159.54009796795
116060.06873119308	4.2376487623941235e7	268817.4216732282
116281.48750059227	4.245358681559296e7	269470.05316031136
116502.84577215661	4.253082319579923e7	270117.56026456715
116724.1371164141	4.2608263645355254e7	270757.58105036087
116945.35574430921	4.268592663056348e7	271389.57256418024
117166.496727432	4.276378792702492e7	272014.5207799854
117387.55613207184	4.284182970709789e7	272633.112467941
117608.5311494878	4.291998715840724e7	273247.6401072235
117829.42019633237	4.2998207335579395e7	273859.9633550145
118050.22295005513	4.3076517670383714e7	274469.1084718555
118270.94035659113	4.315497738308923e7	275072.94391691475
118491.57458711334	4.323357080810354e7	275671.97316403146
118712.12897996008	4.331224261799066e7	276268.1350079077
118932.60792146611	4.339098525916662e7	276861.65043475415
119153.01667844967	4.3469806588381834e7	277452.13773684617
119373.36126904438	4.3548724447542176e7	278038.7598969369
119593.6482542641	4.362774084645445e7	278621.17932479753
119813.88449583747	4.3706843688769944e7	279199.48531152075
120034.07698729739	4.378601512692812e7	279773.97936337814
120254.23261797872	4.3865230614353746e7	280345.28261336795
120474.35792087499	4.394446956440421e7	280913.7998559793
120694.4589038389	4.4023711809373416e7	281479.8127056062
120914.5408513144	4.41029348871536e7	282043.507684733
121134.60812942845	4.4182118396284774e7	282605.25166748825
121354.66406590788	4.426124484963913e7	283165.47407572065
121574.71084229226	4.4340288204621546e7	283724.3581863967
121794.74941392853	4.441922698233404e7	284282.1589058344
122014.77948813795	4.449804860662852e7	284839.22048813244
122234.79953597827	4.457673425593085e7	285395.7775171187
122454.80686074436	4.465525474340012e7	285952.02369234257
122674.79770712272	4.473359616165311e7	286508.15407147084
122894.76739042993	4.481175605704315e7	287064.34272719076
123114.71050809842	4.488970543080771e7	287620.7499789375
123334.62117484228	4.496742756592717e7	288177.5083429229
123554.49323345376	4.504492770687836e7	288734.7002203098
123774.3205563361	4.5122195588171154e7	289292.40958350804
123994.09734924872	4.519920398780804e7	289850.7419729428
124213.81838537441	4.527595112993912e7	290409.7239164749
124433.47930048354	4.535245072120687e7	290969.32682628214
124653.07686016771	4.542873403323932e7	291529.46640499216
124872.60914854148	4.550485526691505e7	292090.0000748857
125092.07574957695	4.558078141088955e7	292650.9878865728
125311.47786637968	4.565645713154753e7	293212.5243643227
125530.81837752165	4.573187604124351e7	293774.5680344352
125750.10184473543	4.580702522623869e7	294337.06816599995
125969.33441824837	4.58819481148091e7	294899.888953661
126188.52368256229	4.595672408479538e7	295462.87627587805
126407.67850524186	4.603132120402418e7	296025.9996211961
126626.80873326409	4.610568714341231e7	296589.2088187642
126845.92483564612	4.617983509690646e7	297152.3680322107
127065.03762266616	4.625377071848892e7	297715.32767035667
127284.15784993167	4.632749346891983e7	298277.90248148405
127503.29578026617	4.6401020917876214e7	298839.92941043223
127722.4608320094	4.647437812532904e7	299401.2637919211
127941.6612408293	4.6547565801553324e7	299961.64119805786
128160.90369428463	4.662059971133002e7	300520.8568012977
128380.19305183904	4.669350935291581e7	301078.7879914018
128599.53216071065	4.6766307459375985e7	301635.1900471668
128818.92169577417	4.6839004684476815e7	302189.73064781574
129038.36009729834	4.691161989576825e7	302742.22290364513
129257.84358564173	4.698418109739863e7	303292.89464853005
129477.36625238754	4.7056709294057615e7	303842.12405721995
129696.9202658479	4.7129207888736755e7	304389.4804562129
129916.49610296552	4.720168513182855e7	304934.92195960495
130136.08282494877	4.727415246454977e7	305478.79830331734
130355.66848601526	4.7346613706759036e7	306020.14098116057
130575.24053809975	4.741908051298409e7	306557.99090936594
130794.78616240302	4.7491567356355906e7	307092.21469613473
131014.29274580853	4.7564086815343626e7	307622.72988401965
131233.7483275857	4.763665633977506e7	308148.8914031656
131453.14187968898	4.7709288685586706e7	308670.4072030234
131672.46367898613	4.7781990520855606e7	309187.36630317965
131891.7056270032	4.785477523869598e7	309699.28018191736
132110.86141005	4.792765666640114e7	310205.594659864
132329.9266444849	4.8000639194470406e7	310706.237097307
132548.89895875208	4.8073724637339495e7	311201.20523327694
132767.77796402643	4.814692877811985e7	311689.6587542738
132986.5651691075	4.8220256372247964e7	312171.2962437468
133205.26381466578	4.8293700737722404e7	312646.38254372915
133423.87863126074	4.8367269179092884e7	313114.34003710217
133642.4155860331	4.844096824755572e7	313574.55709727237
133860.88156921905	4.851479215144476e7	314027.09616042854
134079.284022769	4.8588733616349936e7	314472.07513530436
134297.63059024277	4.866279033059616e7	314909.2724095962
134515.9288133674	4.8736968999518774e7	315337.69185731595
134734.18577393598	4.881126458472757e7	315757.135795537
134952.40776948066	4.888566157641133e7	316168.176782218
135170.60009860492	4.89601593593989e7	316570.1467395085
135388.7668629404	4.90347534638871e7	316962.6357345397
135606.9108088155	4.9109430958055936e7	317346.0265447773
135825.03325187042	4.918416152983898e7	317723.09872096253
136043.13407290765	4.9258919048581675e7	318096.6767729472
136261.2117592152	4.9333706939354904e7	318466.0792897571
136479.263518378	4.9408541401318714e7	318828.4233572391
136697.28544315256	4.948342329309136e7	319182.81072586647
136915.27268879596	4.955833650311732e7	319531.2367717642
137133.2197186508	4.963327931023418e7	319872.9472253557
137351.12058477063	4.9708253531858176e7	320205.9502530172
137568.96918134362	4.978325230424414e7	320529.3082204267
137786.75948907397	4.985826605893924e7	320843.18961497187
138004.4858591576	4.993328477594165e7	321148.5163417977
138222.1432714941	5.0008299861029446e7	321444.8688612319
138439.72751788225	5.008330303608845e7	321732.2886264663
138657.2353739998	5.015828735288727e7	322011.56364318525
138874.66474592255	5.023324653030892e7	322283.13130198733
139092.01475759558	5.030817649312232e7	322547.61312095117
139309.28577781084	5.038308117084586e7	322806.8325002326
139526.47942016702	5.045796016337095e7	323061.4134240892
139743.59848026093	5.05328027871554e7	323310.06841014454
139960.646823182	5.0607598565720625e7	323551.9231470782
140177.62924825275	5.068234530605331e7	323787.38398216106
140394.55133859624	5.07570462098438e7	324017.4523068918
140611.41924457054	5.0831700631418996e7	324242.46452731075
140828.23944999132	5.090630785930358e7	324462.67423251824
141045.01857279296	5.0980872229976915e7	324678.75054927426
141261.7631679641	5.105539993726542e7	324891.4390796798
141478.47950785005	5.1129893648025095e7	325101.06627410284
141695.17337594417	5.120436023479063e7	325308.25094660587
141911.84992621833	5.127880990467246e7	325513.82811144175
142128.51356926202	5.135325100571553e7	325718.3773627955
142345.1678798797	5.142769358137037e7	325922.54260206694
142561.8155348729	5.1502148510946006e7	326127.0225860675
142778.45830623584	5.1576626847856455e7	326332.49392639566
142995.09709257784	5.165114041719298e7	326539.6386525273
143211.73197173316	5.172570817489867e7	326749.496530499
143428.36228321603	5.180034497305005e7	326962.89445838303
143644.98673529248	5.187505970582374e7	327180.35242618894
143861.60352064628	5.194987412945043e7	327403.0686597932
144078.2104271582	5.2024806321624085e7	327632.06488460663
144294.80495643715	5.2099865466380335e7	327867.9106111238
144511.38443633486	5.217506705924369e7	328111.53597625677
144727.9461025612	5.22504404806721e7	328364.68173868593
144944.48715655535	5.232600031128299e7	328628.3136640403
145161.00480379813	5.240172433151692e7	328901.32699805
145377.4962787475	5.247757810813719e7	329181.8567862569
145593.9588391657	5.2553510171512395e7	329466.9615492326
145810.38973535798	5.262948294449802e7	329754.46015017515
146026.78616283459	5.2705492940381736e7	330044.15637243766
146243.14522810947	5.278154016796724e7	330336.0595490642
146459.46391771178	5.285762465370743e7	330630.1800795242
146675.7390590396	5.29338080937544e7	330930.2406432056
146891.96730224273	5.3010213858356155e7	331243.8508758694
147108.145130674	5.308688883811959e7	331574.1929112406
147324.26891261674	5.3163824267693564e7	331921.1451472827
147540.33497305913	5.324103193907958e7	332285.90056151187
147756.33968834614	5.331853720821289e7	332670.65886764514
147972.2796060939	5.339636438862167e7	333077.67640473874
148188.15160462525	5.347450942698838e7	333507.32541515987
148403.95306778484	5.3552966910080366e7	333959.8966119707
148619.68204513044	5.363177268433339e7	334438.85879380576
148835.33741264904	5.371093238306775e7	334945.458049756
149050.91902239472	5.379042071110172e7	335478.5864464283
149266.4278215795	5.3870261100034535e7	336041.0888251996
149481.865925504	5.395046465638213e7	336634.88786616654
149697.23664443413	5.4031009648225226e7	337259.12209139497
149912.54445875212	5.4111886502151765e7	337913.9570382063
150127.79495617267	5.4193116536443874e7	338602.54593538365
150342.9946763138	5.42746900099988e7	339325.07588729274
150558.15089326788	5.4356573407024585e7	340079.36716356984
150773.27138428515	5.443878172774217e7	340868.21078090015
150988.36414620213	5.4521307452881075e7	341692.0366883494
151203.43709827153	5.460411326602154e7	342548.001916671
151418.49774358267	5.4687181114058904e7	343435.24033236806
151633.55282189546	5.477050513028509e7	344354.35559731175
151848.6080134192	5.4854079027492516e7	345305.9858667636
152063.66767027695	5.493787482363965e7	346287.9044850774
152278.73458751524	5.502186242153324e7	347297.44667909504
152493.80982359947	5.510603572814458e7	348335.53078810347
152708.8925906608	5.519037166465923e7	349400.42990611936
152923.9802284337	5.5274832572203554e7	350487.926927004
153139.06824938676	5.535940105238992e7	351597.21972674143
153354.15045173749	5.544405552280957e7	352726.76339766517
153569.21907967943	5.552876684321692e7	353873.2444128576
153784.2650910226	5.561350886496676e7	355033.81332871993
153999.2784801053	5.569825503219767e7	356206.6766539267
154214.24859577054	5.578297979784099e7	357389.13156197715
154429.16450219823	5.586766062455133e7	358577.83577595354
154644.01533097684	5.595226857645024e7	359770.4625212464
154858.79066343262	5.603680170696741e7	360964.5007031587
155073.48090819462	5.6121275662976645e7	362158.2933446052
155288.0776021375	5.620565276608905e7	363350.1487298647
155502.57367103457	5.62898774888112e7	364537.0426095531
155716.9636446111	5.637393216272646e7	365716.5950480851
155931.24380840262	5.64578077563017e7	366886.9070614544
156145.41230289117	5.654152180357755e7	368048.00740047597
156359.46914445763	5.6625101911431715e7	369200.9015337542
156573.4161658415	5.670850217545806e7	370342.0985365109
156787.25690529542	5.679166878451928e7	371467.33701577055
157000.99643901666	5.687457317059002e7	372573.7785005178
157214.6411772596	5.6957194077474944e7	373659.12280192756
157428.19860425175	5.703953494660084e7	374722.95295603585
157641.67697633817	5.7121591239494376e7	375764.31799733837
157855.0850254998	5.720333068973567e7	376780.05548640917
158068.43165951627	5.7284750098745964e7	377769.4352281001
158281.72566385716	5.7365869256319836e7	378733.6940619379
158494.97542003478	5.744666053898478e7	379670.14472913306
158708.18865830995	5.752712018869123e7	380578.1309618502
158921.37222576674	5.7607273038867995e7	381459.44078204915
159134.53188884843	5.768711216826358e7	382313.17043011874
159347.67220257406	5.776662439656598e7	383137.8872200409
159560.79642319717	5.784582562685252e7	383934.7573153872
159773.90646474733	5.792473851553104e7	384705.569714702
159987.00290386082	5.800334534867032e7	385448.43391411897
160200.0850299952	5.808165450903296e7	386163.8290568433
160413.15093683702	5.815970082153797e7	386854.6864903425
160626.1976627157	5.8237494232309505e7	387521.67361161194
160839.22136753355	5.831509409992224e7	388170.2366023944
161052.21753158863	5.8392594221863456e7	388809.2182015916
161265.18117813178	5.8470033309425674e7	389442.29601084115
161478.1071100828	5.854739243628502e7	390067.61880692415
161690.99015252368	5.862457824407829e7	390675.92087069
161903.82538710078	5.870156698300032e7	391264.693720942
162116.60838475707	5.877843283127846e7	391841.1348626661
162329.3354214102	5.885515186897052e7	392402.59145236044
162542.00365109235	5.8931730064136714e7	392949.47340511106
162754.6112435525	5.900821004604757e7	393485.98071072425
162967.1574817582	5.908454877084013e7	394007.29862711264
163179.64281163068	5.916072404824132e7	394510.61330427363
163392.068841038	5.9236758758085616e7	394997.9279590426
163604.43828973244	5.931267254415851e7	395470.93844229425
163816.75488962114	5.938847197401597e7	395929.7199840682
164029.02322769308	5.946417214452461e7	396375.47136335645
164241.24855003346	5.953979503898144e7	396810.3954114295
164453.43653978422	5.961535378512416e7	397235.6207594751
164665.59306742664	5.9690857382528245e7	397651.5930261755
164877.72392723564	5.9766320137574576e7	398059.7588124385
165089.83457123232	5.984176295104407e7	398463.36942312407
165301.92985227768	5.991719565368768e7	398864.1481666159
165514.01378846605	5.999262032533215e7	399262.2132414775
165726.08935793475	6.006803981047648e7	399657.2388795518
165938.15832901362	6.0143459869536385e7	400049.1456989001
166150.22114460263	6.021889160480302e7	400438.8319543144
166362.27686606254	6.029434482338007e7	400827.6195071031
166574.32317065407	6.036982634094842e7	401216.8551774747
166786.35640787467	6.044534632339652e7	401607.9429235961
166998.3717130823	6.052091238066783e7	402002.25837546
167210.3631742538	6.059652787687124e7	402401.01662442746
167422.324045317	6.067219866640119e7	402805.7051277462
167634.24699006672	6.0747932618932776e7	403218.1896665662
167846.12436438331	6.0823731581679404e7	403639.7147422552
168057.9485226714	6.0899594538191594e7	404071.230252469
168269.71211183173	6.097552911005793e7	404515.3123427941
168481.4083530449	6.105153600458816e7	404973.52761474944
168693.0313043227	6.112760934768552e7	405446.3206651407
168904.57608828938	6.12037484148873e7	405935.15330099396
169116.039075229	6.1279956315622956e7	406442.8617105866
169327.41801357837	6.135623183634018e7	406971.3719984938
169538.71210261786	6.143256758928831e7	407521.07319979137
169749.92200498123	6.150896020347153e7	408093.8201963515
169961.04980317736	6.158540800729682e7	408692.5773878277
170172.09889611165	6.16619045340063e7	409318.22091333114
170383.07384156022	6.173844135424258e7	409970.6174325435
170593.9801627091	6.181501502249023e7	410653.768880155
170804.8241257781	6.1891618224925116e7	411368.91949254787
171015.6124991481	6.196824082266189e7	412114.6647600123
171226.3523071582	6.204487574524337e7	412893.96681586694
171437.05059075178	6.2121514626670904e7	413708.4689064554
171647.71418611257	6.219814832730556e7	414556.90137932356
171858.3495307286	6.2274767264800206e7	415439.32831718714
172068.96250408905	6.2351359342739776e7	416358.5116550183
172279.55830763443	6.242791502413408e7	417313.85290065856
172490.14138583944	6.250443535013604e7	418297.0679275045
172700.71538760894	6.2580926954509154e7	419299.65658315644
172911.28316509412	6.265737130106625e7	420328.49785026844
173121.8468036677	6.2733745351480536e7	421390.8711532588
173332.40767474662	6.281004236561653e7	422483.7084634173
173542.96650733304	6.288624565940322e7	423607.47810647625
173753.5234691016	6.2962364214065135e7	424755.5283863595
173964.0782458136	6.30384225301279e7	425918.6326893417
174174.6301133887	6.311439221479879e7	427100.6928308023
174385.1779967084	6.3190229343047716e7	428306.722998109
174595.72051102621	6.3265925680371456e7	429533.52707508655
174806.2559839413	6.3341480182030044e7	430776.8082284162
175016.7824580955	6.3416869491397776e7	432034.37803576404
175227.2976769078	6.3492083360971496e7	433302.65141973883
175437.79905759697	6.3567126334147766e7	434577.03419296554
175648.2836573145	6.3641979469494075e7	435854.0455277832
175858.74813928964	6.3716628094751656e7	437129.86041701626
176069.18874638938	6.3791075088437274e7	438400.6838185763
176279.60128843327	6.3865317276314706e7	439662.6426736304
176489.98114914598	6.393933288840906e7	440910.8100729444
176700.32332596535	6.401311944500044e7	442141.7048130925
176910.62249833948	6.408668838697893e7	443353.0588950648
177120.87312131055	6.416003650500314e7	444541.77328587684
177331.0695513135	6.423314058400261e7	445702.19035570766
177541.20619748565	6.43059992202991e7	446831.2766003404
177751.27769229942	6.437863296824775e7	447929.0136371956
177961.2790733081	6.445102788077413e7	448990.93964538927
178171.20596624055	6.4523226357602306e7	450021.82354948326
178381.05475872217	6.4595295991987385e7	451031.3829435413
178590.8227536311	6.4667207845965564e7	452013.69745598326
178800.50829157655	6.47389619037682e7	452967.83318169863
179010.11083321745	6.4810571421554886e7	453895.0024555366
179219.6309940843	6.488199438135644e7	454786.13187190244
179429.070527133	6.4953202988177955e7	455633.8456176901
179638.43225130317	6.502420672371076e7	456437.93217078893
179847.71992768548	6.509503279110435e7	457202.0267237188
180056.93808829947	6.5165682824907854e7	457924.23809566733
180266.0918256923	6.523616697467155e7	458604.5935101278
180475.18655434294	6.530650976829843e7	459246.5705840117
180684.22775696457	6.537673063507177e7	459852.37589758326
180893.22073005835	6.544684264919036e7	460422.158822401
181102.17034336814	6.5516859654009834e7	460955.95293715986
181311.08082717474	6.558680449387957e7	461456.98204961454
181519.95559969463	6.565670021809652e7	461928.71520572965
181728.79714432592	6.5726566989830405e7	462370.9032541791
181937.6069433015	6.579642501153656e7	462789.2692044869
182146.3854706991	6.5866285284279026e7	463196.7616658319
182355.13224398086	6.5936149235895164e7	463599.4509166321
182563.84592956083	6.600601686690379e7	463997.3644790465
182772.52449443794	6.607589127032022e7	464388.9681286379
182981.16539347847	6.614579404723905e7	464765.6021876832
183189.7657802556	6.621575683559805e7	465121.1212676826
183398.32272685663	6.628580097327496e7	465458.4399404454
183606.83343844692	6.635594616658178e7	465780.4279775444
183815.29544983897	6.642622904724954e7	466088.19786825555
184023.70679195848	6.6496673993593246e7	466383.99118001154
184232.06611852968	6.6567291035615146e7	466670.80047464155
184440.37278609368	6.663811855999072e7	466950.04143210023
184648.62688364083	6.670918132710778e7	467223.750006767
184856.82921146697	6.678048399021665e7	467494.4730058161
185064.98121212792	6.68520447068497e7	467764.10484375316
185273.08485935774	6.692389955662675e7	468034.6190406188
185481.14251334715	6.6996074112926416e7	468308.06559795013
185689.15675270295	6.70685679789345e7	468586.31419082877
185897.13019488676	6.714139494929256e7	468871.4620800735
186105.06531636996	6.721459329205301e7	469166.30107692344
186312.96428451547	6.728816776819193e7	469472.74895606097
186520.82881266912	6.736210307666157e7	469792.13454856334
186728.66004684477	6.743643919932057e7	470128.00762062386
186936.45849085372	6.751115644186811e7	470481.325076499
187144.2239743251	6.75861315356803e7	470847.5550338031
187351.9556652461	6.766137337520191e7	471228.3815536951
187559.6521258826	6.773698400699347e7	471630.89286650636
187767.311408288	6.781288925930877e7	472051.96643512754
187974.9311832115	6.788901727304299e7	472488.2366158806
188182.50889420693	6.796547813571878e7	472948.835805189
188390.04192721806	6.804226969600026e7	473435.0602177215
188597.52778495968	6.811927539424415e7	473938.9996058333
188804.96425506964	6.819657145968486e7	474468.92592655524
189012.34956129742	6.827423719906162e7	475034.14772365155
189219.6824879021	6.835223682981065e7	475634.12832029955
189426.96246891477	6.843055654090688e7	476270.2422899735
189634.18963590494	6.850920608102217e7	476946.9978012285
189841.36482027784	6.858816707399319e7	477665.5106408076
190048.4895088031	6.866739344676231e7	478423.1157913556
190255.56575388627	6.874687656899837e7	479222.12523733336
190462.5960428897	6.882660097045183e7	480063.76522629143
190669.58313341386	6.890653081740214e7	480945.50017149845
190876.529863699	6.89866381637264e7	481866.0301243873
191083.43894903766	6.906690667017728e7	482826.572276398
191290.31277617713	6.914730832951485e7	483824.90520519484
191497.15320804226	6.922780979368222e7	484856.76551015564
191703.96141068827	6.930839120128566e7	485922.42221371055
191910.73771321392	6.938902644812737e7	487019.1553578581
192117.48150950187	6.946968614834693e7	488141.5816266179
192324.1912082243	6.955034729096389e7	489288.2414894883
192530.86423471934	6.963098696987206e7	490456.1272135307
192737.49708452358	6.97115838832491e7	491640.1727336588
192944.0854253496	6.979211863519086e7	492836.5076428966
193150.6242489514	6.987256920741345e7	494042.0165527342
193357.1080590472	6.99529149240662e7	495253.2805940324
193563.53108122523	7.00331445263363e7	496466.4541694947
193769.88748998314	7.011324669116293e7	497677.8660257885
193976.17163879852	7.019319920342252e7	498883.54858111806
194182.3782812366	7.027299394067045e7	500080.3774977983
194388.50277192026	7.035263387638909e7	501266.06161514344
194594.5412376867	7.043209841684385e7	502436.6013277791
194800.4907113219	7.051138331206164e7	503589.458855934
195006.34922275165	7.059050098691085e7	504723.88212433207
195212.1158452918	7.066943997064292e7	505836.8064812458
195417.79069732907	7.07481982440184e7	506926.36985062505
195623.37490241963	7.08267898529974e7	507992.8137923725
195828.87051307372	7.090521737014538e7	509034.996175669
196034.28040932262	7.098347787788762e7	510051.1136365406
196239.60816987132	7.106158322260283e7	511041.8208442972
196444.85792854393	7.113954959816626e7	512008.67436381377
196650.03423393244	7.121737542789036e7	512950.1872745896
196855.14191175668	7.129507034596334e7	513867.073753422
197060.18593759494	7.137265436776629e7	514762.2430403261
197265.17132508432	7.145013730221923e7	515636.8956989873
197470.10303234353	7.152752233213344e7	516490.93789139413
197674.98588737685	7.160482028317334e7	517326.08523412887
197879.82453138175	7.16820483686227e7	518145.68905191385
198084.62337964246	7.175921154029869e7	518950.6854074817
198289.38659234846	7.183631795173785e7	519742.9902718017
198494.11804644996	7.191338023575293e7	520525.827188441
198698.8213161009	7.199040493469238e7	521301.42820789973
198903.49965695819	7.206740071047631e7	522072.3706051204
199108.15598401797	7.214437906391107e7	522841.1857391134
199312.79284523797	7.222133993937565e7	523609.0950068868
199517.41239112781	7.229827822840117e7	524378.0221089436
199722.016341951	7.23751954844579e7	525150.5876205902
199926.60595553936	7.245209376117112e7	525929.1090561223
200131.18199928568	7.252897029552995e7	526717.0064862288
200335.74472974893	7.260582237042071e7	527517.0683203815
200540.2938872779	7.268264760172646e7	528331.1314303712
200744.82870917016	7.275944076179582e7	529161.6262752832
200949.3479616781	7.283619155391924e7	530012.7401941456
201153.8499937431	7.291289102992527e7	530887.1362550582
201358.33281232053	7.298953285449392e7	531785.5413739836
201562.7941773623	7.306610267068192e7	532711.5753987178
201767.23171216482	7.314258579323961e7	533668.3576396639
201971.6430227548	7.321897366754854e7	534656.3369357266
202176.02582771552	7.329528117102475e7	535668.921809386
202380.3780829129	7.337151183738996e7	536703.4383180506
202584.69808878584	7.344763120861046e7	537768.0798427416
202788.98458132957	7.352361261815804e7	538867.7519454397
202993.23679647213	7.359942703174183e7	540006.4485097353
203197.45450182635	7.367505821611767e7	541184.8010138551
203401.63799143262	7.375050500596184e7	542399.9719735605
203605.78804272294	7.382573729989308e7	543654.6722248867
203809.90583201748	7.39007465324873e7	544947.3579045257
204013.99281040012	7.3975594235034e7	546265.5209449371
204218.05054948473	7.405032366002318e7	547601.1663483605
204422.08056258084	7.412492537829849e7	548954.9691569386
204626.08410917787	7.419934442413566e7	550332.969326161
204830.06199378663	7.427351882604247e7	551740.6746293654
205034.01437070992	7.434742248169218e7	553177.6223856774
205237.940563709	7.442103452963662e7	554642.2457013888
205441.83891686157	7.449441010690059e7	556126.761051604
205645.70668986626	7.456762406650946e7	557623.2666049029
205849.5400006358	7.464059973972863e7	559134.5067059009
206053.3338226406	7.471327009441358e7	560661.3868058036
206257.0820424918	7.478565693343046e7	562198.8175665857
206460.77757841017	7.485773745475864e7	563743.0922784862
206664.41255269691	7.492951439820871e7	565289.6861888071
206867.9785156051	7.500101688117509e7	566833.8781852468
207071.46673853105	7.507223331818809e7	568370.9474363807
207274.86853334316	7.514322241909553e7	569899.3616724468
207478.17557383885	7.52140622876857e7	571419.9040201439
207681.3802339988	7.528470005493297e7	572926.7222452927
207884.47591651004	7.535508266875131e7	574412.053651791
208087.4573522112	7.542527342172831e7	575877.8978215854
208290.32086702698	7.549534159876661e7	577329.1446183949
208493.06459511313	7.556525035568732e7	578758.0247641195
208695.6886090235	7.56349564415636e7	580153.7131029287
208898.19497158637	7.570448242811605e7	581514.3357548639
209100.58770772038	7.577385591924863e7	582839.4395175554
209302.8727012907	7.584312195077322e7	584135.4519439818
209505.05749689552	7.591230808673143e7	585405.7076678685
209707.15100250326	7.5981399847602e7	586640.952523483
209909.16314198077	7.605039505477035e7	587832.1170952504
210111.10446522068	7.611931756144306e7	588980.9395693727
210312.9857244265	7.618820247602934e7	590100.9258670426
210514.81744257244	7.625706043156396e7	591191.249638907
210716.6094494388	7.632589440527298e7	592241.056816039
210918.37046346933	7.639472134514245e7	593249.0627801295
211120.1077592885	7.646356055573162e7	594215.0009582406
211321.82688348452	7.653243024896768e7	595138.301943597
211523.53145159915	7.66013453943852e7	596021.8530671642
211725.2230266194	7.667031998757322e7	596868.5066180181
211926.90110721823	7.673937330531622e7	597677.7738025257
212128.5632238806	7.680851618948089e7	598452.0608045546
212330.20511523547	7.687775234575993e7	599195.8688777155
212531.82096928058	7.69470904279703e7	599911.1224344622
212733.40376648755	7.701654567066275e7	600598.2584137603
212934.94567778354	7.7086122027843e7	601259.8811536065
213136.4384603555	7.715581306258498e7	601900.2474697902
213337.87387367367	7.722562854947299e7	602520.344093964
213539.24407416713	7.729556681126377e7	603122.7225574122
213740.54201626295	7.736560346936916e7	603712.4905684516
213941.76179579538	7.743571199034424e7	604293.8557233759
214142.8988949309	7.750589851658563e7	604867.1602735649
214343.9503712296	7.757617892602415e7	605431.9091691345
214544.91497165227	7.764654907779504e7	605989.8894395777
214745.79315937936	7.771700010775599e7	606543.1327571322
214946.5870468773	7.778751499947044e7	607094.0315256797
215147.30025475676	7.78580786141068e7	607644.7661323266
215347.937724988	7.792867687192458e7	608197.3922220046
215548.50545045186	7.799929254008299e7	608753.6257097301
215749.01015673496	7.806990777171753e7	609314.9566516738
215949.4589930032	7.81405019014294e7	609883.5442604889
216149.8592226276	7.821105615823324e7	610460.7743342026
216350.2179012097	7.828155524845833e7	611047.2228855318
216550.54156490552	7.835198198853913e7	611643.8651023033
216750.83598647508	7.842230927808382e7	612252.4791971374
216951.1059840559	7.849251852850874e7	612873.7147478042
217151.35526491122	7.856260209072916e7	613507.0083105831
217351.58631719404	7.863253064099199e7	614153.6391436188
217551.8003737417	7.870228790228908e7	614813.5805009884
217751.997429551	7.877187284940018e7	615485.506062332
217952.17629577484	7.884125845732728e7	616169.8522857642
218152.33470528075	7.891043139531298e7	616865.9969908424
218352.46945492402	7.897939578668392e7	617572.1721447222
218552.57656126062	7.904813212100047e7	618287.7561821392
218752.65143073376	7.911662630368981e7	619011.7937712885
218952.6890635151	7.918488536069407e7	619742.4568220889
219152.68425323445	7.925290548143637e7	620478.1512173015
219352.6317570722	7.932067168576247e7	621217.4742918181
219552.5264620215	7.938819042783685e7	621958.7461047608
219752.36355874204	7.945547525830334e7	622700.2626676074
219952.13868408222	7.952252156574276e7	623440.3360057691
220151.8480158709	7.958932070290212e7	624177.1621580023
220351.4883576943	7.965588488927719e7	624909.3437184364
220551.05720843966	7.972223207767135e7	625635.7027214795
220750.55279478565	7.978835375627847e7	626354.2751311426
220949.97407120644	7.985425947229014e7	627063.8789923855
221149.32070902453	7.991997472204165e7	627764.2157463473
221348.59306360388	7.99854956202771e7	628453.6262584586
221547.79212129727	8.005083369046807e7	629131.4516898886
221746.9194438673	8.011601465055342e7	629798.1405870242
221945.97709450065	8.018106997461201e7	630455.1912192913
222144.967553064	8.024603229932569e7	631104.5913859225
222343.89364340663	8.031088884832406e7	631744.6756737552
222542.75845964003	8.037561876104942e7	632372.8755833213
222741.56527618945	8.044023152576001e7	632989.3625974105
222940.31746654524	8.050474619258717e7	633595.4154384673
223139.0184491696	8.056917257973608e7	634191.5903130618
223337.67161094217	8.063351812645568e7	634778.4316689441
223536.2802307571	8.069779604435985e7	635357.3448277301
223734.84743287603	8.076201869729733e7	635929.8556221611
223933.37613393442	8.082619297627635e7	636497.0833242236
224131.868979653	8.089032499473743e7	637060.2700673791
224330.32829603096	8.095442323964946e7	637621.0612490812
224528.75605571803	8.101849489570463e7	638181.2131656514
224727.15382906012	8.108254432955912e7	638742.5548856343
224925.5227437392	8.114657619232072e7	639306.7577735059
225123.86346304053	8.12105948288557e7	639875.402812584
225322.1761613852	8.127460205960526e7	640450.9516832576
225520.46051245532	8.133859967149706e7	641035.3268323868
225718.71569025324	8.140258928121866e7	641629.6838373521
225916.94038138317	8.14665704374698e7	642236.8881516238
226115.13282196448	8.153054268793227e7	642858.820656217
226313.29084957694	8.159450571077403e7	643496.1489430905
226511.4119632306	8.165845708739205e7	644152.0738603342
226709.49342405837	8.17223948417871e7	644828.3135757411
226907.53237406394	8.178631778175567e7	645524.8650038402
227105.52594651777	8.185022374898173e7	646243.0326217094
227303.47142017123	8.19141087303448e7	646985.9906633915
227501.36638332627	8.197797018836042e7	647754.8853643255
227699.2088759782	8.204180741522825e7	648548.7401376328
227896.99754914228	8.210561645267668e7	649370.1000738627
228094.73181138744	8.21693951294438e7	650219.7356041573
228292.41194705962	8.22331438744509e7	651095.9927516098
228490.039210724	8.22968604167038e7	651999.836299904
228687.6158768909	8.236054319183995e7	652931.8105209684
228885.14525898063	8.242419371140182e7	653890.0134275123
229082.63167616125	8.248781239734955e7	654873.5985121129
229280.0803468981	8.255139890654108e7	655882.5667534833
229477.49726248512	8.261495595073308e7	656914.7227555574
229674.88900409374	8.267848774618578e7	657966.872075443
229872.2624802432	8.274200161661434e7	659033.3999083842
230069.62467103064	8.280550082416987e7	660112.0160388175
230266.9823357789	8.286898301429744e7	661205.1920469054
230464.3416682138	8.293244942986736e7	662313.0815960371
230661.7079917878	8.299590472836578e7	663433.1106189936
230859.08545601898	8.305935447796632e7	664561.8443009767
231056.47673602012	8.312280335142136e7	665696.8701566224
231253.88279510394	8.318625749078622e7	666835.6065199008
231451.30269171536	8.324972262383789e7	667975.233225206
231648.73345527053	8.331320324812466e7	669113.0836782893
231846.1700241077	8.337670668804438e7	670246.1328892645
232043.6052591025	8.344023852400121e7	671371.7489576081
232241.03007968565	8.350379761068784e7	672489.374388605
232438.43363419006	8.356737957605082e7	673599.8927976507
232635.80354938717	8.363098918089208e7	674701.3798030944
232833.1263245332	8.369462665484907e7	675793.4937115763
233030.38770970068	8.37582946421956e7	676874.9850384737
233227.573138427	8.382200666530292e7	677940.7552713273
233424.6682800144	8.388576738225572e7	678988.5846462258
233621.65951222894	8.394958075270161e7	680016.3702293708
233818.53440999953	8.401344934322509e7	681022.4848306312
234015.28227589218	8.407737087695032e7	682007.0590859348
234211.89453455075	8.41413431918665e7	682970.06340485
234408.3650989046	8.420536751642948e7	683909.8431480326
234604.69067104487	8.426944287072666e7	684825.5084160048
234800.87090449792	8.43335630533541e7	685718.2592343631
234996.9084642525	8.439772363582546e7	686588.0388188415
235192.80896547998	8.446192067381649e7	687434.276817339
235388.58082090435	8.452614662142874e7	688258.3368151269
235584.23491301565	8.459039328641579e7	689061.2428587337
235779.78422638486	8.465465304409118e7	689842.575482057
235975.24337574336	8.471891710380854e7	690603.6357399775
236170.62801476996	8.478317576717637e7	691346.281587474
236365.9543380243	8.484741749797316e7	692070.3335785619
236561.23844074507	8.491163216900675e7	692776.9958544825
236756.4957586096	8.497581147686245e7	693468.4076717822
236951.74057892908	8.503994013587493e7	694144.4221858856
237146.9855315522	8.51040070416028e7	694806.0758785787
237342.2412772682	8.516800687716803e7	695455.4545956644
237537.51620768534	8.523192290422255e7	696092.5642001434
237732.8162770378	8.529574494453146e7	696718.2851784918
237928.14496787367	8.535947063326293e7	697334.2476213567
238123.50332159354	8.54230921296591e7	697941.0878735243
238318.89008647704	8.548659251213032e7	698538.7723124595
238514.30195139407	8.554996486598311e7	699127.8505440399
238709.73382769502	8.561321326016383e7	699709.3921285479
238905.17918793665	8.567632199357207e7	700283.0883860466
239100.63045782226	8.573928753199857e7	700849.1557503054
239296.07935858227	8.580211900836517e7	701408.3095807498
239491.5173077759	8.586480453189102e7	701959.9788806894
239686.93576895323	8.592734461781235e7	702504.054579405
239882.32654315204	8.598975212779182e7	703040.9062432724
240077.68206760407	8.605202019321993e7	703569.6792645628
240272.99559044384	8.611415228337003e7	704089.9303375941
240468.26133895645	8.617616412179033e7	704601.7980365444
240663.47461475446	8.623805713363308e7	705104.3382170682
240858.6318035963	8.629983688228169e7	705596.8150163882
241053.73036500366	8.636151924924435e7	706079.1632731159
241248.76874758178	8.642311664474146e7	706550.9873051434
241443.74627872172	8.648463473175193e7	707010.9289929027
241638.66302837676	8.654608473630089e7	707458.2425114152
241833.51965012442	8.660748446438864e7	707893.1314693888
242028.31722288465	8.6668846017534e7	708314.510351457
242223.05710431168	8.673018192851771e7	708721.4977376647
242417.74079347626	8.679150792608762e7	709114.3610023399
242612.36982847427	8.685283928665145e7	709492.5370799407
242806.94570787076	8.691419050582932e7	709855.1931377789
243001.46984257072	8.697557455703452e7	710202.7424335061
243195.94354804367	8.703700568143289e7	710535.2256047821
243390.36805362222	8.709850050069577e7	710851.8517940468
243584.74454278252	8.716006950748791e7	711153.1473946781
243779.07419942203	8.722172240527636e7	711439.8585505073
243973.35826607325	8.728347638094611e7	711711.4342718552
244167.59809433282	8.73453394368239e7	711968.5416657014
244361.79518243743	8.740731476684684e7	712212.4144152183
244555.95119931694	8.746941913034043e7	712442.7346694455
244750.0679758398	8.753165807275392e7	712660.2725586256
244944.14747915047	8.759402726937132e7	712866.6051140195
245138.19174913494	8.765648860442926e7	713065.5347714227
245332.2028230623	8.771900003578681e7	713260.6935207926
245526.18263374845	8.778158920813443e7	713450.2887414799
245720.13290015096	8.784430097060718e7	713631.6606921988
245914.05502428024	8.790715943052864e7	713804.0740779436
246107.94998914681	8.797016213909744e7	713968.5169424493
246301.81828644944	8.803329602621493e7	714126.4598713524
246495.65986657297	8.809656657767123e7	714278.4528907911
246689.47412469366	8.815996793575847e7	714425.4878527762
246883.25992855662	8.822348336035983e7	714568.8865583313
247077.01567543414	8.828711233988173e7	714709.4482846472
247270.73939463907	8.835084460185175e7	714848.2003286141
247464.4288681131	8.841466159238663e7	714986.2684849411
247658.081774449	8.847855779527631e7	715124.6736806661
247851.6958424677	8.854252014782625e7	715264.45974239
248045.2689909802	8.860652982466543e7	715406.5536797694
248238.79946142336	8.867057615300679e7	715552.210604089
248432.2859116565	8.873464441691898e7	715702.4897772248
248625.72747787638	8.879871780818953e7	715858.1139108667
248819.12378708343	8.886278313012622e7	716020.0308606062
249012.47492082397	8.892682399441521e7	716189.8625182091
249205.78133361207	8.899082563086908e7	716368.6199730248
249399.0437237003	8.905477685377213e7	716556.6104961701
249592.26287442681	8.91186594503507e7	716755.5719641338
249785.439471031	8.918246009091353e7	716966.4137548243
249978.57390936383	8.924617210319723e7	717189.105669805
250171.66611969518	8.930977711248393e7	717425.3191020626
250364.71540815601	8.9373264825695e7	717675.6436366525
250557.7203488078	8.94366342843777e7	717939.5257591474
250750.67872190417	8.94998694762422e7	718218.2261095502
250943.5875219984	8.956296181550464e7	718512.1228125318
251136.4430325612	8.962591484329642e7	718820.2257490787
251329.24096988764	8.968871824192202e7	719142.9564756269
251521.97669514158	8.975136669466358e7	719480.2204926652
251714.64547634535	8.981386762295859e7	719830.6025686894
251907.24279737193	8.987622423834516e7	720193.0791116557
252099.76468382849	8.99384268015777e7	720567.638084043
252292.2080360159	9.000047754591e7	720953.196343905
252484.57093950713	9.00623920937338e7	721347.6025749461
252676.85293575158	9.012416785567808e7	721749.9372132394
252869.05523271742	9.018580987711263e7	722158.7734540523
253061.18083673395	9.024733472538632e7	722572.0230458712
253253.23459554897	9.030874645558867e7	722988.1085127735
253445.22314486167	9.037005317696069e7	723405.4121495212
253637.1547519571	9.04312918413523e7	723822.5446059915
253829.03907136686	9.049247908846307e7	724238.5369657245
254020.88680297762	9.05536004288284e7	724651.9212773264
254212.7092927997	9.061466042327724e7	725061.03471072
254404.51806359628	9.067567235667133e7	725464.183244082
254596.32432993964	9.073664836467905e7	725859.8208025699
254788.1384911734	9.079760406439829e7	726247.3129110162
254979.96964916724	9.085855318727139e7	726628.093042255
255171.8251654975	9.091950459439726e7	727002.1100474228
255363.71027306077	9.098046814400212e7	727366.7289719705
255555.62778940063	9.104145751666823e7	727720.6602118621
255747.57789938033	9.110248880949987e7	728062.9641511415
255939.55808731986	9.116357647913365e7	728393.1994834087
256131.56313911904	9.122473143516019e7	728711.9965464182
256323.58531411685	9.128596931959936e7	729019.3225007185
256515.61457585735	9.134730484958981e7	729315.2464821958
256707.638979307	9.14087449888148e7	729600.9059703168
256899.64509693175	9.147030187408462e7	729877.0603951012
257091.61855379082	9.153199018930276e7	730144.2706743476
257283.5445867696	9.15938138578909e7	730403.8988536642
257475.4086271279	9.165578055913344e7	730657.2724309736
257667.19689515437	9.17179038192157e7	730905.5015976075
257858.89693104132	9.17801836551312e7	731150.1328978229
258050.49811268962	9.184262104594383e7	731392.8933834274
258241.992043615	9.190522753689556e7	731635.4894660623
258433.3728932899	9.196800055308723e7	731879.6176042984
258624.63757504322	9.203092665818144e7	732126.9036032336
258815.7858392328	9.209397015484941e7	732377.7504752445
259006.82021436267	9.215712427530588e7	732633.222664435
259197.74583161302	9.222042102194373e7	732896.235072097
259388.57014773547	9.228387157008336e7	733169.8673611464
259579.30253675394	9.234747593872349e7	733457.0786707612
259769.95385335802	9.2411220928262e7	733759.8792113017
259960.5358867171	9.247508460864992e7	734079.07237433
260151.06082778925	9.253903360813832e7	734412.2166787161
260341.54072727633	9.260306358309872e7	734761.4226201815
260531.98695145195	9.26671921476428e7	735134.3795664845
260722.40975236933	9.273140335220401e7	735531.9480521088
260912.81784663023	9.27956664624419e7	735948.0482208637
261103.21814020266	9.285996586501034e7	736380.0682544571
261293.61552141467	9.292430481467848e7	736833.7801915283
261484.01277680905	9.298868640630142e7	737317.9523040997
261674.41062472775	9.305310059929979e7	737838.8823008738
261864.80783102574	9.311752937192304e7	738401.385077288
262055.2014405954	9.318195415460439e7	739006.70140532
262245.58707674587	9.324636426693207e7	739643.9948228176
262435.9592863273	9.331075143912031e7	740308.6239033125
262626.3119472676	9.337509310706258e7	741012.8603052413
262816.63865368144	9.343936572144534e7	741762.6090142782
263006.93312411674	9.350354772729881e7	742557.3264028609
263197.18957017077	9.356761460013211e7	743397.8719130108
263387.4030015159	9.363155084997335e7	744281.0907202772
263577.5694973103	9.369533683489503e7	745203.8637543647
263767.68637208146	9.375894518264015e7	746164.656405432
263957.75228276924	9.382240345121026e7	747152.5712061317
264147.7672469727	9.38857402190254e7	748158.3524700082
264337.732573691	9.394889470292261e7	749185.7762210983
264527.65073235077	9.401182108713868e7	750234.2873690408
264717.5251527788	9.407450825769459e7	751296.8245357143
264907.35997034743	9.4136929668737e7	752366.8954776879
265097.1597619384	9.419908189926767e7	753437.6557969563
265286.92923947424	9.426096885888645e7	754501.9067395026
265476.6729745498	9.43225696354486e7	755551.755440065
265666.3951328512	9.438386984137093e7	756579.8221026872
265856.0992360948	9.444487789420898e7	757580.1126138448
266045.7880018984	9.45055882742674e7	758545.3608901255
266235.46321646206	9.456604389346534e7	759476.481894732
266425.1256830242	9.462632006486344e7	760380.988353277
266614.7752327576	9.468636663155217e7	761247.7248763492
266804.4107893563	9.474611754038668e7	762061.8314663945
266994.03048956144	9.480559128056036e7	762822.0705977816
267183.63184927317	9.486479860728921e7	763525.9130243983
267373.2119408679	9.492374311027105e7	764170.1992183324
267562.7676033356	9.498244891062698e7	764756.9112639141
267752.29564318253	9.50409350745499e7	765286.8487677771
267941.7930126919	9.50992114905435e7	765759.0874559977
268131.2569790418	9.515730554612832e7	766177.8638151422
268320.68523433997	9.521524380972727e7	766546.820066569
268510.075978405	9.527304510122204e7	766867.4691528069
268699.4279491129	9.533073885785079e7	767145.235965551
268888.7403989698	9.53883570768238e7	767386.0040810495
269078.0130350231	9.544592528555141e7	767592.0484806022
269267.24591483915	9.550347142712916e7	767767.0848359496
269456.43931379105	9.556102792465472e7	767917.2070718061
269645.59357341507	9.561861804016352e7	768048.5600768962
269834.70894199936	9.567624779487199e7	768167.493753446
270023.78541888983	9.573394394583976e7	768274.7854325353
270212.8226130564	9.579175631123155e7	768369.3182476644
270401.81963153556	9.584971798348236e7	768453.9898277415
270590.77500034694	9.590785243715174e7	768532.5101433238
270779.6866215686	9.596619658403587e7	768607.9414389344
270968.5517877875	9.60247846143767e7	768683.087979487
271157.3672201159	9.608363294204779e7	768761.1535210559
271346.1291640451	9.614277496308401e7	768845.9225799055
271534.8335288939	9.620224175632888e7	768941.4046081082
271723.47602260625	9.626204030189912e7	769051.7720756264
271912.0523428404	9.63221991663435e7	769183.3124821826
272100.5583620491	9.638274660728668e7	769343.3671932124
272288.9902988322	9.644358507465017e7	769528.6645325698
272477.34490414243	9.650465340639123e7	769737.8443690215
272665.61960098264	9.656608078827251e7	769990.5707289842
272853.81260659423	9.662793185214874e7	770303.7770933126
273041.9230243807	9.669018075978711e7	770686.0608303067
273229.95088634035	9.675285904804625e7	771157.9480623441
273417.89715841605	9.681596434277937e7	771735.3376568883
273605.7637004217	9.68794580247981e7	772427.332063979
273793.5532007582	9.69433579646653e7	773260.9299489488
273981.26905511634	9.700765063869973e7	774254.4590646847
274168.9152166187	9.707229048464328e7	775414.9724347364
274356.4960499205	9.713721418898939e7	776730.7037064434
274544.0161345753	9.720235087032394e7	778178.1167679586
274731.4800736451	9.72677259184336e7	779793.8040453239
274918.89233592077	9.733338712832367e7	781641.5036763943
275106.2570764462	9.739924972588377e7	783674.1813175244
275293.57799570926	9.746524171121965e7	785847.8451964887
275480.8582567435	9.753139639177085e7	788223.7165206862
275668.1004137016	9.759771945960574e7	790855.638495791
275855.30639435444	9.766417095144902e7	793742.4920995332
276042.47754189186	9.773070202383587e7	796861.7802466688
276229.61468189437	9.779727329178485e7	800220.9868983699
276416.71822875727	9.786384110691412e7	803804.7632870065
276603.7883221884	9.793036419859996e7	807578.8813633098
276790.82497281465	9.79967925322485e7	811533.2042641483
276977.82820969744	9.806308323577055e7	815640.9219214872
277164.79821715434	9.812923654639563e7	819848.2340256989
277351.7354473514	9.81952563835194e7	824119.9745352698
277538.6406981512	9.82610874372563e7	828448.7794656579
277725.5151567519	9.832666652697322e7	832819.2276700875
277912.3603985103	9.839193553093825e7	837196.3312840452
278099.1783375467	9.84568614007766e7	841544.8772955531
278285.971148419	9.852154001895803e7	845856.3995835271
278472.74115802336	9.858609038449812e7	850142.4214872166
278659.4907040567	9.865054475295973e7	854407.4924525823
278846.22199129744	9.871479336246671e7	858620.4565415019
279032.9369588547	9.877867365099409e7	862724.6170506395
279219.63714500517	9.884217203523621e7	866700.1272681868
279406.323579467	9.890539138789433e7	870573.3497379576
279592.99671376887	9.896827219477e7	874310.150834199
279779.6563775972	9.903067665201823e7	877842.9439401204
279966.3017744467	9.909260929135175e7	881162.360561694
280152.9315074806	9.915407302031554e7	884259.2252506018
280339.5436334418	9.921511551580724e7	887150.2642695946
280526.13574722374	9.927585927739933e7	889893.3381521731
280712.7050728199	9.933624315009807e7	892455.3878614808
280899.2485524911	9.939614769705912e7	894774.8095352263
281085.7629543959	9.945559679631332e7	896863.6960147622
281272.24496875197	9.95146077731172e7	898731.5841671955
281458.6912679498	9.957318071932241e7	900381.0817599955
281645.0985775355	9.963134874199137e7	901832.0941661367
281831.4637326681	9.968914913344154e7	903106.2482749154
282017.7836945186	9.974658054370943e7	904207.4078906648
282204.0555655649	9.98036633219712e7	905149.4344572757
282390.2766047454	9.986046860220344e7	905968.0759393057
282576.44422647153	9.99170796098254e7	906702.4548765874
282762.5559866557	9.997349487272894e7	907353.9612730793
282948.60959045833	1.0002967925689071e8	907909.4369242912
283134.60290384386	1.0008564216622627e8	908375.2478122821
283320.5339549231	1.0014141273614955e8	908764.2903832544
283506.40095321793	1.0019703522089216e8	909094.2126474886
283692.20232030726	1.002525287128653e8	909371.8689471552
283877.9367183412	1.0030792236308141e8	909606.7735211314
284063.6030750595	1.0036325220462404e8	909810.4518852879
284249.2006134741	1.0041854085617042e8	909987.7860608193
284434.7288745458	1.0047381456635766e8	910145.0129468319
284620.18772567145	1.0052909609920469e8	910290.1676103314
284805.5773618525	1.005843949396523e8	910428.2535679728
284990.8982932536	1.006397288351002e8	910560.9897422579
285176.1513193267	1.0069512202921681e8	910690.003387659
285361.33749570086	1.0075059175721687e8	910818.5401946349
285546.45809830166	1.0080616232889637e8	910950.3583735023
285731.5145774338	1.0086184866543052e8	911088.7519626645
285916.5085130179	1.0091765724525674e8	911236.4886646026
286101.441583086	1.0097360738703153e8	911397.5195868708
286286.31554351846	1.0102970692377459e8	911574.8050093647
286471.1322118812	1.0108595506520353e8	911770.4342777928
286655.8934654714	1.011423649285814e8	911988.3308472395
286840.6012640407	1.01198937073192e8	912230.5699196397
287025.2576881475	1.012556558051539e8	912496.497480239
287209.8649858195	1.0131248686697526e8	912781.4879230452
287394.4256267336	1.0136942686471844e8	913085.822369754
287578.9423713559	1.014265103128296e8	913416.3470137543
287763.4183461068	1.0148374615349072e8	913775.2757113321
287947.8571175414	1.0154112285941179e8	914160.5098628779
288132.26274501777	1.0159862543674639e8	914568.5506490843
288316.63982132537	1.0165625217261723e8	914997.5493026314
288500.9935013578	1.0171399337695031e8	915443.56487549
288685.3295069657	1.0177182960392043e8	915900.4008057324
288869.65407498763	1.0182975344202249e8	916362.7658296817
289053.9738514499	1.0188775203549793e8	916824.397643912
289238.2957578464	1.0194580607274733e8	917278.6111542612
289422.62680520624	1.020038978765139e8	917722.0875704957
289606.9738580574	1.020620127565329e8	918153.4676564585
289791.3433249734	1.0212014599222198e8	918566.1243939335
289975.7408207204	1.021782901374377e8	918949.5115309486
290160.17082927766	1.0223643082410762e8	919298.4395818856
290344.63635003264	1.0229455420994745e8	919611.2272159792
290529.1385522993	1.0235264477615654e8	919882.2365406626
290713.67647841724	1.0241068926797295e8	920109.8940214016
290898.2468266935	1.024686785614789e8	920297.2220031493
291082.84381328133	1.025265956903312e8	920442.6361084767
291267.4591290693	1.0258442906529188e8	920548.8036590536
291452.08206098987	1.0264219019461195e8	920627.3890460038
291636.69974589394	1.0269989284007023e8	920687.6384239274
291821.29752111365	1.0275750884701939e8	920727.0456154823
292005.85937046795	1.0281501072607216e8	920745.7741410041
292190.3685442464	1.028723949624032e8	920752.0495134002
292374.8082685605	1.0292964736262773e8	920753.2390743499
292559.16242212435	1.0298676496974331e8	920757.218752149
292743.41623369284	1.0304374628847133e8	920771.7336825153
292927.55696737504	1.0310058065574361e8	920804.6422724212
293111.5745654169	1.031572686149088e8	920861.8533134686
293295.46214598604	1.0321380936650158e8	920948.5801700166
293479.2163413015	1.0327019666908155e8	921070.0198700958
293662.83749713283	1.0332643573634502e8	921227.6187433703
293846.3296964348	1.0338252641865335e8	921422.6998515988
294029.70057598926	1.034384660718932e8	921656.0955057547
294212.9609617818	1.0349429695743857e8	921916.4795939537
294396.12435931014	1.0355003634502833e8	922198.2348090145
294579.2063105087	1.036056509205778e8	922507.2561822155
294762.223687221	1.0366113443110476e8	922841.3331038097
294945.1938706586	1.0371649452975312e8	923194.3630951577
295128.13392259297	1.037717287389233e8	923560.8161976336
295311.0598623842	1.0382684436814894e8	923933.4139526996
295493.9860006723	1.0388185754568093e8	924304.4368841948
295676.9243906008	1.0393677011042371e8	924666.0115570308
295859.8844328451	1.0399159151340625e8	925011.1651913676
296042.87261292234	1.0404633788043912e8	925335.0163301253
296225.89241572574	1.0410101481100598e8	925630.0148050974
296408.94442911533	1.0415563347856617e8	925891.8182306092
296592.0265715101	1.0421021537395298e8	926126.1064903607
296775.13443721744	1.042647730147198e8	926336.172560869
296958.26172183163	1.0431930791236566e8	926515.3952448908
297141.4007316765	1.0437382788686183e8	926665.903707766
297324.54291985463	1.0442834229281189e8	926792.541227703
297507.6793914701	1.0448285733117624e8	926890.45555598
297690.80138264963	1.0453737888298051e8	926965.06837469
297873.90067638265	1.045919134201408e8	927021.6194017638
298056.96994892356	1.0464646687628165e8	927060.5261671696
298240.0030434682	1.0470104222916779e8	927086.4515956256
298422.9951374798	1.0475565618285455e8	927099.397802743
298605.94281157723	1.048103275348827e8	927102.3737165184
298788.84404515795	1.0486505937210274e8	927103.1882377663
298971.69814204826	1.0491984216308884e8	927106.4879331825
299154.50560085906	1.0497468818873106e8	927117.8094564104
299337.26793934393	1.050296235660122e8	927145.2065148207
299519.9874910666	1.050846659783978e8	927198.3468894478
299702.66719401407	1.0513982480703385e8	927284.5142356816
299885.31037986034	1.0519510047838114e8	927408.0029187995
300067.9205742969	1.052505102560651e8	927578.0661046865
300250.50131614925	1.053060608099399e8	927799.4406450279
300433.05598700105	1.0536174723166464e8	928072.0136567368
300615.58766530367	1.0541758454294898e8	928402.305153289
300798.09901058796	1.0547357636814274e8	928791.6258119962
300980.59216237155	1.0552971396937105e8	929236.0554539096
301163.0686567768	1.0558600078092004e8	929735.4477435211
301345.5293592054	1.0564244412278529e8	930290.2445294755
301527.97441115417	1.0569903919447649e8	930896.4031799148
301710.403195532	1.0575577928479648e8	931548.4087523902
301892.8143232801	1.0581266637267126e8	932243.3237114594
302075.20564131654	1.0586969057017604e8	932974.7573267306
302257.5742671664	1.0592684396637502e8	933736.4115501002
302439.9166549894	1.0598412237856878e8	934523.3225370052
302622.2286910341	1.0604151136669752e8	935328.4857411253
302804.505835314	1.0609900224995981e8	936145.9316845585
302986.74330474593	1.0615658636779666e8	936970.439837459
303168.93627962226	1.0621424665485166e8	937796.2862699372
303351.0801389353	1.0627197258111133e8	938618.3497803377
303533.17071568454	1.0632975134129688e8	939432.3618689496
303715.20455858787	1.0638756539703643e8	940234.963107483
303897.17918540013	1.064454014065417e8	941023.4196196559
304079.0933162272	1.0650324534175387e8	941793.9361877269
304260.94706570543	1.0656108238728681e8	942544.5221656724
304442.7420743349	1.0661889897458288e8	943275.3204639283
304624.48157210485	1.066766775743989e8	943983.9503618077
304806.17036424676	1.0673440366065651e8	944670.0151479874
304987.8147319819	1.0679206680436707e8	945335.0129019945
305169.422247456	1.0684964871642935e8	945978.2188309672
305351.0015118284	1.0690713799278302e8	946600.6978889804
305532.56182128505	1.0696452600646192e8	947204.4113149315
305714.1127612515	1.0702179573317839e8	947789.7769485685
305895.6637725453	1.0707894042432319e8	948358.6681869847
306077.2237159164	1.0713595277314262e8	948913.0735668978
306258.80044060777	1.0719284403374216e8	949456.0726030647
306440.40038831765	1.0724964920046304e8	949991.9420880668
306622.0282553768	1.0730637853626126e8	950522.2266670471
306803.6867328842	1.0736300110251513e8	951045.655132849
306985.3763374029	1.0741948193616883e8	951561.3234487195
307167.0953447775	1.0747581164504616e8	952070.2741327027
307348.8398381795	1.0753197694596222e8	952573.5368733022
307530.60386233346	1.0758799130751337e8	953072.7573270175
307712.37967200176	1.0764390470661128e8	953569.92777333
307894.1580651025	1.0769969837769227e8	954065.4683845903
308075.92878276506	1.0775533662552755e8	954559.6357651787
308257.6809555135	1.0781082864889291e8	955053.3398596671
308439.4035647393	1.078661685652946e8	955547.373994466
308621.0859160711	1.0792136226711418e8	956042.3466861348
308802.7180989447	1.079764263579778e8	956538.6097427695
308984.2913808478	1.0803136133259279e8	957036.5107337928
309165.79853217927	1.0808617715183261e8	957536.1169918567
309347.23407424387	1.081408897123036e8	958037.249729512
309528.59443280014	1.0819550498557982e8	958539.7211106094
309709.87799046317	1.0825003603120297e8	959043.122912259
309891.0850368985	1.0830450009103137e8	959546.8702446031
310072.2176244507	1.0835890680553636e8	960050.3058698098
310253.27933463256	1.0841326884857039e8	960552.6991112088
310434.274968096	1.0846760308816223e8	961053.2867861928
310615.2101875423	1.085219228029461e8	961551.0566332795
310796.0911364999	1.0857624268357304e8	962045.1356192415
310976.9240550946	1.0863057768156382e8	962534.9068167618
311157.7149185816	1.0868494399106017e8	963019.1950689526
311338.4691212078	1.087393563269883e8	963497.2151956322
311519.1912242303	1.0879382576752882e8	963968.7103683936
311699.8847818085	1.0884837143345666e8	964432.584488087
311880.55225243943	1.0890300692430447e8	964888.3784004899
312061.1949970922	1.0895773847378351e8	965336.3385476776
312241.8133580148	1.0901258707952465e8	965775.6743652122
312422.4068089779	1.0906756510584347e8	966206.3196461604
312602.9741616818	1.0912267611307502e8	966628.9005512873
312783.5138067611	1.0917793900570776e8	967043.2528233457
312964.0239686188	1.0923336095355023e8	967449.9019843
313144.50295358535	1.0928894086184786e8	967849.8933734709
313324.9493719858	1.0934469627871057e8	968243.6004593406
313505.362317849	1.0940063623724222e8	968631.7875876414
313685.7414943989	1.0945675533323535e8	969015.7985020428
313866.08727875375	1.0951306768242727e8	969396.5985860031
314046.4007249579	1.095695761838394e8	969775.4398145025
314226.68351008085	1.096262691671166e8	970153.8404157634
314406.9378331333	1.0968316054033142e8	970533.2647202417
314587.16628128354	1.097402486778557e8	970915.2519747649
314767.3716784294	1.0979751709914249e8	971301.2053132555
314947.55693111045	1.0985497540437478e8	971693.1856211718
