0.0
99139.72022655606
211776.73258909583
337084.5693460703
474031.8941758871
621386.80182904
777747.5664583445
941495.2732864916
1.1108491177282333e6
1.2839717350999713e6
1.4589685410267115e6
1.6339093087374866e6
1.806900404689163e6
1.9761312996666133e6
2.1398940732302666e6
2.296587655077487e6
2.4449025028655827e6
2.5837104212634265e6
2.712117579357028e6
2.829442910391003e6
2.93545171193099e6
3.0301206365703642e6
3.113696960667044e6
3.1866803638105392e6
3.2499713579701185e6
3.304627794316888e6
3.351898119254142e6
3.3932115914058983e6
3.4301794124643803e6
3.4644436825320125e6
3.4976793138875365e6
3.531561371389538e6
3.5676799315526783e6
3.6075058287282586e6
3.6523844829933047e6
3.703450561856091e6
3.7615791812137067e6
3.8274261232382953e6
3.90144334023118e6
3.9837487956396937e6
4.0742001172842085e6
4.1724443598184586e6
4.27796503805089e6
4.389958103681862e6
4.50751102278623e6
4.629621579662353e6
4.755250873996109e6
4.883284775772572e6
5.012688181010574e6
5.142505601044893e6
5.271893565015882e6
5.4001755145947635e6
5.526860642275214e6
5.651648025094986e6
5.774465065027952e6
5.89545678376171e6
6.014960797644168e6
6.133492056767464e6
6.25173871150744e6
6.370490964947164e6
6.490622298142403e6
6.613044197474927e6
6.738623286653519e6
6.868168612421244e6
7.002422456155956e6
7.141898518131703e6
7.28693670261845e6
7.4376842318121195e6
7.594038734092146e6
7.755584572717845e6
7.921687203681022e6
8.091487202371329e6
8.2638180644798875e6
8.437345195560932e6
8.610555614831567e6
8.78179257640019e6
8.949345071406096e6
9.111460442293286e6
9.266368829808176e6
9.412506831521392e6
9.548413779160112e6
9.672705760498375e6
9.78448240135926e6
9.88305555289635e6
9.967956553283274e6
1.0039242326227278e7
1.0088768098078132e7
1.0110282369424462e7
1.0120414657756567e7
1.0120693544614077e7
1.0112859500806749e7
1.0098927309526384e7
1.0081182571255982e7
1.0061982631837845e7
1.0043787636769474e7
1.0029028320679903e7
1.0020042174727798e7
1.0019111432107449e7
1.0028162047420979e7
1.0048869184390783e7
1.0082695073445737e7
1.0130594172440588e7
1.019310029447794e7
1.0270459364086926e7
1.0362427815004706e7
1.0468251912447989e7
1.0586920823490083e7
1.0717064559984386e7
1.0856867837479413e7
1.1004377051086724e7
1.1157451959790349e7
1.1313739968038201e7
1.14709075894534e7
1.1626600418814898e7
1.1778585310147226e7
1.192478513947624e7
1.2063237141718864e7
1.2192411622431457e7
1.2311006879340708e7
1.2417927884879112e7
1.2512686622205079e7
1.2595015384365857e7
1.26648889975757e7
1.272287271430558e7
1.27696791156981e7
1.2806231380329013e7
1.2833864775557935e7
1.2853955532587975e7
1.2867994712875158e7
1.2877630488509536e7
1.2884448195475936e7
1.2890015453015536e7
1.2895821676123321e7
1.2903221632388264e7
1.2913425586809218e7
1.2927418539639503e7
1.2946026226726055e7
1.296984793795073e7
1.2999221404326975e7
1.3034345233635783e7
1.307517449485755e7
1.3121457767600805e7
1.3172853708976477e7
1.322882420788142e7
1.3288728814738184e7
1.3351897086034745e7
1.341755828814125e7
1.3484949046350986e7
1.3553335598944575e7
1.3622009769877374e7
1.3690356329318285e7
1.3757850411165625e7
1.3824118687465161e7
1.388893217504555e7
1.3952229608075202e7
1.4014170432338327e7
1.407510193467617e7
1.4135598074290574e7
1.4196452766545475e7
1.425868389823857e7
1.4323514146637082e7
1.4392328588476866e7
1.4466748253049672e7
1.4548428907826215e7
1.4639111913329035e7
1.4740727430213094e7
1.4854908203550518e7
1.4983358817350745e7
1.5127675152378052e7
1.5288971525259137e7
1.5468328108282983e7
1.5666304934465647e7
1.5882945535443276e7
1.6118127790626407e7
1.637081583011049e7
1.663964069145891e7
1.692274327303928e7
1.7217489422942042e7
1.7520958856975645e7
1.782963044168955e7
1.8139642628577232e7
1.8446794054584652e7
1.8746756048662663e7
1.9034999023178786e7
1.9307141474054933e7
1.955900960511276e7
1.978647305366695e7
1.9986344502897292e7
2.0155377055832565e7
2.029157231774214e7
2.039333392445585e7
2.045988809834522e7
2.0491662657513827e7
2.048924486786443e7
2.0454953796530128e7
2.039113542522031e7
2.0301336998058885e7
2.0189533296558917e7
2.0060144161574304e7
1.9918163032471e7
1.9768548339461476e7
1.9616528426908284e7
1.9467138907220423e7
1.93252039779025e7
1.919510470806992e7
1.90809386891402e7
1.8985840215925723e7
1.8912665090793103e7
1.8863214764442384e7
1.8838627961821526e7
1.8839466123797834e7
1.8865112487283707e7
1.891478345394072e7
1.8986583213383466e7
1.907833286582148e7
1.918740286859405e7
1.9310633177580178e7
1.944492705015576e7
1.9586791211475044e7
1.973292014370492e7
1.988005313811317e7
2.0025164682891607e7
2.0165467153360814e7
2.0298648376458198e7
2.042265135038051e7
2.0536036544009328e7
2.063772172196269e7
2.0727104665772855e7
2.0804136400812805e7
2.086897319175437e7
2.0922440951785296e7
2.0965413386558384e7
2.099924509569037e7
2.102536936659813e7
2.1045392894542128e7
2.1061016354142457e7
2.1073896880979776e7
2.1085696976197362e7
2.1097955218126863e7
2.111206750612095e7
2.112927999314469e7
2.115063268700576e7
2.117695159041965e7
2.1208910818249345e7
2.1246880282173842e7
2.1291193806532174e7
2.1341841269190967e7
2.1398808982699007e7
2.1461868579269737e7
2.1530731116788626e7
2.160504671607408e7
2.1684361556660086e7
2.1768286684043556e7
2.185631372791806e7
2.1948050222771466e7
2.2043034953362614e7
2.214089383551058e7
2.2241251847284645e7
2.234377244755307e7
2.2448152393040806e7
2.2554085968535304e7
2.2661301787979722e7
2.2769492782163918e7
2.2878358789598137e7
2.2987546578148186e7
2.309666542763093e7
2.3205265318003356e7
2.3312825998249143e7
2.341876073992905e7
2.352241668534997e7
2.3623066304093063e7
2.371997054081011e7
2.3812306277495056e7
2.389935013082531e7
2.3980283044365376e7
2.4054536331219494e7
2.4121468474351436e7
2.4180798677206993e7
2.4232267272657156e7
2.4276010199972153e7
2.4312308836264282e7
2.4341823603506863e7
2.436545456655839e7
2.4384421269103616e7
2.4400208703467667e7
2.4414533074103862e7
2.442930448092985e7
2.444657022906843e7
2.446839313035357e7
2.4496898516463608e7
2.4533959108623177e7
2.4581473544383556e7
2.464078025705871e7
2.471322935604179e7
2.479937387156737e7
2.489970548445633e7
2.5013882854130268e7
2.5141389140148044e7
2.5280970580864877e7
2.543113784763065e7
2.5589851791942418e7
2.5754858792803317e7
2.5923597141878366e7
2.6093395884738892e7
2.6261536496120602e7
2.642535794757256e7
2.658240033795321e7
2.6730448153256863e7
2.6867698567617834e7
2.699275288025886e7
2.710477733163619e7
2.7203435839404404e7
2.7289030092526227e7
2.736236652266109e7
2.7424866537827045e7
2.7478378845273852e7
2.752524096617502e7
2.756807670892012e7
2.7609775085153133e7
2.765333931577745e7
2.7701739635913968e7
2.7757893301397383e7
2.782435111716014e7
2.7903481130461454e7
2.799696726447153e7
2.8106241766173035e7
2.8231806174779117e7
2.8373911556891948e7
2.8531753959578812e7
2.8704340998020202e7
2.888967217541325e7
2.908561444945401e7
2.928930756018421e7
2.9497786344821334e7
2.9707770845805556e7
2.9915959604584843e7
3.0119120142427683e7
3.0314186976401567e7
3.0498420303498954e7
3.0669524149196744e7
3.0825607715957493e7
3.0965537418987066e7
3.1088491219378382e7
3.1194655319530696e7
3.1284394169916183e7
3.135906030346036e7
3.1420195249839276e7
3.1469974906076908e7
3.1510811304506987e7
3.154536517909363e7
3.1576428360705554e7
3.1606757890834212e7
3.163898615916857e7
3.1675569053161293e7
3.171852806271416e7
3.1769592587731898e7
3.182992286301112e7
3.1900214180755407e7
3.1980646921700716e7
3.2070784188064724e7
3.216984571692562e7
3.2276404694531024e7
3.2388831028626204e7
3.250506232482326e7
3.26229096793769e7
3.2740054362612188e7
3.2854213183853626e7
3.2963162871383548e7
3.3065006651394874e7
3.3157989799700826e7
3.324092225682962e7
3.3312910857357413e7
3.3373584965342015e7
3.342310946852401e7
3.346196996325162e7
3.349131822241661e7
3.3512490948833227e7
3.3527304541297168e7
3.3537742008929253e7
3.3545959641168028e7
3.3554170790237367e7
3.356457056727278e7
3.3579158451822996e7
3.3599776195213675e7
3.362791416067627e7
3.366468677927151e7
3.3710887698234856e7
3.3766699889681965e7
3.383206045054692e7
3.3906281219575286e7
3.398838172250533e7
3.407700464412686e7
3.417045896234557e7
3.426692753439888e7
3.4364401555796415e7
3.446090498141199e7
3.455453688521576e7
3.46436234334465e7
3.47266960707615e7
3.480280056635174e7
3.487130552324024e7
3.493216348289162e7
3.498585900690815e7
3.503333937088862e7
3.507619046337357e7
3.511636969799456e7
3.5186257553587824e7
3.5312793685424924e7
3.544460836536014e7
3.558450403520468e7
3.573529348320523e7
3.58994230098815e7
3.607886779885638e7
3.6275272187250465e7
3.6489220334725946e7
3.672082197096801e7
3.696919855814278e7
3.723253789993769e7
3.750839944365996e7
3.779325106316933e7
3.808305084556651e7
3.8373125746770054e7
3.865845012758976e7
3.8933728379286826e7
3.919376310181171e7
3.943367846203524e7
3.9648683809149295e7
3.983518986031869e7
3.999013074896723e7
4.0111240574243784e7
4.019783867935482e7
4.024987531851095e7
4.026858304399729e7
4.025646473291612e7
4.021656427090809e7
4.0153147989827245e7
4.007102828811908e7
3.9975297809733e7
3.987162229671416e7
3.976550902596179e7
3.966240139126393e7
3.956731353247976e7
3.94848637501702e7
3.94189012257328e7
3.937244515395695e7
3.9348001583634526e7
3.9346685470968276e7
3.936910999474397e7
3.941494579679245e7
3.9482900819003254e7
3.957136979221609e7
3.967777372095305e7
3.979933084177831e7
3.993297937217033e7
4.007536818944761e7
4.022330244131917e7
4.037362560787982e7
4.052349120096582e7
4.0670367834958375e7
4.081223459964123e7
4.094750959587452e7
4.1075155749684066e7
4.1194740193995744e7
4.130622169000533e7
4.141019226490557e7
4.150760037853691e7
4.159972637607291e7
4.168820815677282e7
4.177479921193051e7
4.186137962273514e7
4.194979997942287e7
4.204186820920062e7
4.213914635318044e7
4.224298481474209e7
4.235447133643606e7
4.247422371038318e7
4.2602607611100495e7
4.2739512505746365e7
4.288442318726185e7
4.3036571961392194e7
4.319470281887066e7
4.335737678126395e7
4.3522928610877186e7
4.3689522551914066e7
4.3855290365201116e7
4.401837963015026e7
4.414711291890547e7
4.4215633741861254e7
4.4277010091546535e7
4.433036925304592e7
4.437514934204322e7
4.441139869319293e7
4.443949999649429e7
4.446030161281994e7
4.447515406810483e7
4.448570592932853e7
4.449398164832252e7
4.4502224397847086e7
4.451284859450647e7
4.452829243837187e7
4.4550923136438906e7
4.458308397750372e7
4.462666428130469e7
4.468334612153083e7
4.475446436460358e7
4.484068774628365e7
4.494238943496561e7
4.505936430978444e7
4.519080056664738e7
4.533559068139967e7
4.5492040253964365e7
4.5658088716815084e7
4.5831464450669706e7
4.600954797061059e7
4.618963964542997e7
4.636897475478777e7
4.654482883958906e7
4.671463260677242e7
4.687592041586131e7
4.702664465684521e7
4.71650685936383e7
4.7289705854761034e7
4.739972142309627e7
4.7494674384248406e7
4.7574457237068474e7
4.763964503628212e7
4.769121508056551e7
4.773046719672403e7
4.775923068522313e7
4.7779643214266956e7
4.779404966346708e7
4.780505083545181e7
4.781533541319746e7
4.782759741824955e7
4.7844473936553866e7
4.786836252447641e7
4.790142810528967e7
4.7945508971173495e7
4.800185569662601e7
4.807128989255056e7
4.815415057547593e7
4.8249957243307084e7
4.835773838617101e7
4.847600478003499e7
4.860251493110362e7
4.873463215747285e7
4.886930783470893e7
4.900313163050735e7
4.9132549579045594e7
4.925391724472052e7
4.9363655267637044e7
4.945853246756524e7
4.953563646815041e7
4.959238747611138e7
4.962717651247671e7
4.96389552155495e7
4.962731498619574e7
4.959290132916406e7
4.9537180684529305e7
4.946230367984283e7
4.93711860278306e7
4.926754761191711e7
4.915550952445555e7
4.90395882034159e7
4.892460016952804e7
4.881533795634925e7
4.871656324820912e7
4.8632683600903004e7
4.856758119803426e7
4.852466719425982e7
4.850663560543972e7
4.8515133198451936e7
4.8551104350272715e7
4.861475960958031e7
4.870498371143949e7
4.882005701448181e7
4.895765287546405e7
4.911444863009411e7
4.928674483275044e7
4.947053672546512e7
4.96615103197934e7
4.985532082608068e7
5.0047794149734735e7
5.023496477960348e7
5.041338257985398e7
5.0580130438394874e7
5.073285191755149e7
5.086997792248225e7
5.099074439997372e7
5.109508027367389e7
5.118351737817615e7
5.125751278801769e7
5.131898105258587e7
5.137029261598772e7
5.1414204680802405e7
5.145376104219836e7
5.1492038129214644e7
5.153209481971985e7
5.1576828425090015e7
5.1628808782873124e7
5.169022569643259e7
5.176288799578053e7
5.184793267097819e7
5.194596621226627e7
5.205704008762282e7
5.218071481971297e7
5.231582833503446e7
5.246083947546342e7
5.261380670225233e7
5.277245914100373e7
5.2934235969331324e7
5.309650020515984e7
5.3256583573685944e7
5.341185691670892e7
5.355992663526222e7
5.369864872590771e7
5.382621000072172e7
5.394110968540937e7
5.404245713554457e7
5.4129745426398546e7
5.420292975167769e7
5.4262338280866355e7
5.4308856702289194e7
5.434368602550709e7
5.4368306412802786e7
5.4384399852570325e7
5.4393836851962835e7
5.439856209768173e7
5.440047397993901e7
5.440138314054835e7
5.440296420854223e7
5.4406677450128466e7
5.4413742597492844e7
5.442512846966052e7
5.444158401574054e7
5.4463574295312256e7
5.44913700218918e7
5.4525089225149006e7
5.456475643413389e7
5.461032657985392e7
5.466171793142596e7
5.471890908897954e7
5.478194841771945e7
5.4851014827331156e7
5.492630112008688e7
5.5008116839046955e7
5.5096819830871075e7
5.519279530507138e7
5.529635554752126e7
5.540766529615402e7
5.552673163928324e7
5.565331762230995e7
5.578692228342587e7
5.592663425920257e7
5.607121431133556e7
5.621907608465505e7
5.63683045135842e7
5.651668559506655e7
5.666180681331268e7
5.680115238863063e7
5.693220259489772e7
5.705255227351996e7
5.715995132724044e7
5.7252653495807946e7
5.732932712291354e7
5.73892008668156e7
5.7432136593281e7
5.7458612493383825e7
5.7469913819505066e7
5.7467978309173524e7
5.745533662339488e7
5.7435056286592335e7
5.741063230381453e7
5.7385889074676484e7
5.736478516880441e7
5.735125584804174e7
5.734906979811922e7
5.736168494456887e7
5.7392191856873065e7
5.744291563748714e7
5.7515579387483776e7
5.761116051527423e7
5.7729853645521104e7
5.787114553303075e7
5.803361482889333e7
5.8215155648606986e7
5.841308065825528e7
5.8624191826518476e7
5.884490571660447e7
5.9071397637191534e7
5.929968193530959e7
5.952586173287538e7
5.974621733060408e7
5.995733186796868e7
6.015620123843524e7
6.034027327609113e7
6.0507640279924124e7
6.0657017488656014e7
6.078773838191861e7
6.089977034095976e7
6.0993689405012846e7
6.107063512370673e7
6.113221135350907e7
6.118052115961319e7
6.1217988352416515e7
6.12472581059207e7
6.12711157613906e7
6.129238553756347e7
6.13138307331081e7
6.133806431582558e7
6.136746636860284e7
6.140406184861192e7
6.14494901055446e7
6.15049437390922e7
6.1571130586856544e7
6.164825283654058e7
6.173600435014483e7
6.183360800523439e7
6.193978655617091e7
6.205286438406861e7
6.2170844702988654e7
6.229148193567273e7
6.24123776241892e7
6.253108429497528e7
6.264521318261835e7
6.275253046176621e7
6.285106694653058e7
6.2939245793233275e7
6.3015915183282346e7
6.308042245239133e7
6.313265366984928e7
6.3173050440238714e7
6.320260277531546e7
6.322281791707137e7
6.3235663047409266e7
6.324349648795605e7
6.324899005983505e7
6.325498172210887e7
6.326437576918003e7
6.3280019970220506e7
6.330458322020012e7
6.3340439123285025e7
6.338956079392254e7
6.345343178660235e7
6.3533007622009605e7
6.362859515096569e7
6.3739873233670264e7
6.386592516904205e7
6.40052587869052e7
6.415586856314367e7
6.431532040585446e7
6.448085499948335e7
6.464950459660533e7
6.481821741646698e7
6.4983983395460606e7
6.514394024778676e7
6.529551486591947e7
6.543650390750703e7
6.556513967120159e7
6.568014138927874e7
6.5780738030251384e7
6.586666542140058e7
6.593813916710591e7
6.599580628679952e7
6.604067971093899e7
6.6074060663822055e7
6.6097454470683426e7
6.611248543384832e7
6.6120816144702435e7
6.612407430940595e7
6.6123797831370264e7
6.6121395829601645e7
6.611811063938418e7
6.6115016571998775e7
6.611302813273761e7
6.611292211651683e7
6.611537024432531e7
6.6120978260504454e7
6.613032698276436e7
6.614401071843213e7
6.616266873818421e7
6.618700611121103e7
6.6217801108021826e7
6.625589750476584e7
6.6302181397618115e7
6.635754731647596e7
6.642285077263385e7
6.6498819914898336e7
6.658602621101317e7
6.6684809502607614e7
6.679522039129925e7
6.6916973275188774e7
6.704941461326e7
6.719151015164533e7
6.73418537034488e7
6.749869869968092e7
6.766001220596594e7
6.782354952282086e7
6.798694595976016e7
6.81478210014494e7
6.830388897144386e7
6.84530695404205e7
6.859359110104787e7
6.872408019604918e7
6.884363085919315e7
6.895184888592362e7
6.904886761803967e7
6.913533369172367e7
6.921236321778893e7
6.928147088049078e7
6.934447629920202e7
6.940339355121362e7
6.946031088480479e7
6.951726827745873e7
6.957614057675627e7
6.963853350784701e7
6.970569944436368e7
6.977847613011327e7
6.985725207122353e7
6.99419651125958e7
7.003212611595044e7
7.012686978645e7
7.022502785967869e7
7.032521936683467e7
7.042595172027907e7
7.052572582744914e7
7.062313837356743e7
7.071697480079684e7
7.080628730661756e7
7.089045331370187e7
7.09692112352429e7
7.104267081745622e7
7.111130317269507e7
7.11759023116233e7
7.123752855401185e7
7.129743607086915e7
7.135698853222829e7
7.141756865089259e7
7.148048729139888e7
7.154689774291241e7
7.161772037499776e7
7.169358223440534e7
7.177477523758072e7
7.186123551606601e7
7.195254523851651e7
7.204795692971417e7
7.214643900309038e7
7.2246739987012e7
7.234746781821275e7
7.244717965358356e7
7.254447696224588e7
7.263810024625146e7
7.27270176354352e7
7.281050183352047e7
7.28881904657897e7
7.296012577885965e7
7.302677082997632e7
7.308900070947826e7
7.314806887580606e7
7.320555024268293e7
7.326326413295043e7
7.332318149832982e7
7.338732180859369e7
7.34576456685628e7
7.353595260250288e7
7.36237867594114e7
7.372232903828803e7
7.383235909219837e7
7.395420480985034e7
7.408772436780614e7
7.423231321560907e7
7.438693500728416e7
7.455017400011924e7
7.472030513895214e7
7.489537702685848e7
7.507330232374042e7
7.52519498568658e7
7.542923288158876e7
7.560318847535768e7
7.577204393343666e7
7.593425095413157e7
7.60885605048176e7
7.623400563135397e7
7.636990419832608e7
7.649584383556211e7
7.661165407504234e7
7.67173710625458e7
7.68131989174852e7
7.68994716637274e7
7.697661914678118e7
7.704513042384979e7
7.710555056791991e7
7.715847979979527e7
7.720454002906334e7
7.724439299629524e7
7.727874822732279e7
7.730837213032132e7
7.733409520835945e7
7.735681454817384e7
7.737748898136225e7
7.739712725315315e7
7.741676938833123e7
7.743744513672405e7
7.746014121461344e7
7.748575848247582e7
7.751506763046056e7
7.754866692904499e7
7.758694571137938e7
7.763005940125409e7
7.767791844899035e7
7.773015784364551e7
7.77861884064962e7
7.784521576898012e7
7.790628712606832e7
7.796835140745446e7
7.803032999523792e7
7.809119427278209e7
7.815003922210735e7
7.820617553247702e7
7.825919563570243e7
7.83090276375747e7
7.835597926686078e7
7.840076013225394e7
7.84444815571656e7
7.848863260167676e7
7.853504405496871e7
7.858579927778229e7
7.864314513470536e7
7.870939137253913e7
7.878679163385364e7
7.88774208789067e7
7.898305393692595e7
7.910507072075006e7
7.924434568480814e7
7.94010823492794e7
7.957487606640047e7
7.976464530008012e7
7.996863674180594e7
8.018446312339348e7
8.040918575378677e7
8.063936593784872e7
8.087123159292686e7
8.110084356016183e7
8.132424187804163e7
8.15376172760669e7
8.173743541464368e7
8.192068644562447e7
8.208502400344044e7
8.222881959164676e7
8.23512710876526e7
8.245242384534174e7
8.253317720193109e7
8.259540412962279e7
8.26416495033068e7
8.267509341205236e7
8.2699398203518e7
8.271854182558075e7
8.273666360503533e7
8.275778547848234e7
8.278566453082332e7
8.282362305905679e7
8.287446121769947e7
8.294014087238231e7
8.30218843720139e7
8.312008454995412e7
8.323431584621614e7
8.336340943756837e7
8.35053558472386e7
8.365763322582209e7
8.381727117994353e7
8.39810102996893e7
8.414544090324622e7
8.430720917795596e7
8.446318037547052e7
8.461056659512967e7
8.474697652951181e7
8.48706920314973e7
8.498057620618758e7
8.50761265722847e7
8.515742042441669e7
8.52252170833875e7
8.528081398656374e7
8.532592410960838e7
8.53625916334118e7
8.539313941590056e7
8.542003361048326e7
8.544573688469484e7
8.547264494775668e7
8.550300691375753e7
8.553880261988518e7
8.558172112775588e7
8.563312931499758e7
8.569404635572878e7
8.576503726239395e7
8.584633571552694e7
8.593783791834024e7
8.603912441702288e7
8.614940945913553e7
8.626771547325858e7
8.63928866333653e7
8.652361548219314e7
8.665847686059359e7
8.679603969623876e7
8.69348827379924e7
8.707362180863264e7
8.721096794337362e7
8.734574806483853e7
8.747689371073353e7
8.760352356533304e7
8.772490221854776e7
8.784043367110083e7
8.794967116033137e7
8.805236994444805e7
8.814839999845481e7
8.823772702296975e7
8.83205185561437e7
8.839703693505144e7
8.846763022537747e7
8.85327658741824e7
8.859303701978934e7
8.864909976230517e7
8.870167683549479e7
8.875161356496638e7
8.879978849328518e7
8.884713032776687e7
8.889461164358962e7
8.894320621301174e7
8.899388137483498e7
8.904756201248527e7
8.910507082839921e7
8.916712966025925e7
8.923432702105287e7
8.930699251826048e7
8.938525258133906e7
8.946900755195907e7
8.955778506113648e7
8.965084915987462e7
8.97471771501064e7
8.984541702981248e7
8.994398061207747e7
9.004106100627041e7
9.013470788744587e7
9.022292573062947e7
9.030369457997316e7
9.037515055723575e7
9.043568809402862e7
9.048393390024996e7
9.051899019991612e7
9.054049809296146e7
9.054854698666087e7
9.054390611024553e7
9.052799594944438e7
9.050276204176056e7
9.04707982485005e7
9.043521238020548e7
9.039951776789027e7
9.036757104410198e7
9.034336794581234e7
9.033100651932743e7
9.033442952058375e7
9.035720591350788e7
9.04026135241454e7
9.047324684250036e7
9.057084746985638e7
9.069653289600217e7
9.085035764715397e7
9.103129162324524e7
9.123755376682934e7
9.146622289863348e7
9.171347357996055e7
9.197487424766853e7
9.224520674303696e7
9.251890626554444e7
9.279016110107073e7
9.305320897726843e7
9.330250668797189e7
9.353290777840403e7
9.374015065512332e7
9.392051499586499e7
9.40715553326503e7
9.41918154772155e7
9.428074919593385e7
9.43393382052497e7
9.436916500688374e7
9.437306615201244e7
9.435455869975632e7
9.43176614827596e7
9.426703432512566e7
9.42073382308816e7
9.414336634167087e7
9.407966698820251e7
9.402047173939326e7
9.396943873746642e7
9.392972334228748e7
9.390368766791466e7
9.389298498681888e7
9.389866326638928e7
9.392083659281117e7
9.3959209216331e7
9.40127747195031e7
9.408009031405786e7
9.415947897216213e7
9.424885377630535e7
9.434617494589576e7
9.444932090814534e7
9.455629536134145e7
9.466530483709016e7
9.477477896995983e7
9.488344881958616e7
9.499035455693755e7
9.509483430122763e7
9.51964897340399e7
9.529518412057027e7
9.539091025892654e7
9.548383102900714e7
9.557412245421094e7
9.566197657354596e7
9.574753350072438e7
9.583083139541617e7
9.591183384344569e7
9.599035725576898e7
9.606617333739924e7
9.613895575670454e7
9.620838504073283e7
9.627416855989456e7
9.63360847694124e7
9.63940828512584e7
9.644822779026788e7
9.649885568944556e7
9.654644695991465e7
9.659172884218565e7
9.663556875725564e7
9.667896774752572e7
9.672298215396708e7
9.676866466169327e7
9.681696490745258e7
9.68687180345402e7
9.692448321665856e7
9.698463667544165e7
9.704919002262059e7
9.711793606993023e7
9.719035602783501e7
9.726573992492446e7
9.734321413599306e7
9.742183523547155e7
9.750068394851863e7
9.757895596290642e7
9.765604268200713e7
9.773163059485197e7
9.78057127567845e7
9.787866948953107e7
9.795121761267161e7
9.802440329690465e7
9.809954176464337e7
9.817808536408687e7
9.82615801711461e7
9.835144476590398e7
9.844893966683257e7
9.855493599955696e7
9.86698897274093e7
9.879367973541051e7
9.89255938137716e7
9.906428115574321e7
9.920777586465684e7
9.935356084680447e7
9.949865748229775e7
9.96397642448445e7
9.977341631252739e7
9.989616042397588e7
1.0000474214644328e8
1.0009630334031531e8
1.0016851224354172e8
1.002197964634999e8
1.0024932199665257e8
1.0025727509596369e8
1.0024463744097164e8
1.0021349403117234e8
1.0016663361566678e8
1.0010780277453631e8
1.0004125051032194e8
9.997180451093471e7
9.990453659315974e7
9.98445362481395e7
9.979687331244954e7
9.976599440666574e7
9.975610129732245e7
9.977017937869492e7
9.981081871801081e7
9.9878979492578e7
9.997513409104145e7
1.0009803825878665e8
1.002459174014934e8
1.0041552597835946e8
1.0060314404247117e8
1.0080407705129611e8
1.0101334194254756e8
1.0122559723697081e8
1.0143553452618596e8
1.0163805833829847e8
1.0182854127817282e8
1.0200294522684574e8
1.0215818482393539e8
1.0229186283522636e8
1.0240293714253423e8
1.0249099731155351e8
1.025570181526728e8
1.0260261161377826e8
1.0263034694722879e8
1.0264339952240962e8
1.026453587370277e8
1.0264016797377408e8
1.0263172826278365e8
1.0262385679713684e8
1.026200226507178e8
1.026231788219848e8
1.0263567635822147e8
1.0265917869447306e8
1.026945137582944e8
1.0274190532865626e8
1.028006558169547e8
1.0286961239628404e8
1.0294693971850488e8
1.0303047437294272e8
1.0311776571520346e8
1.0320625574693176e8
1.0329343097454754e8
1.033769966227833e8
1.0345493166232094e8
1.0352568971451837e8
1.0358820072202978e8
1.0364190184498957e8
1.0368686300004154e8
1.037235445232288e8
1.0375300237953678e8
1.0377658032116339e8
1.0379592792095858e8
1.0381286076011574e8
1.038292187542845e8
1.038467759007765e8
1.0386713104952753e8
1.0389160921010369e8
1.0392119079592532e8
1.0395654074593264e8
1.0399785757484192e8
1.0404505891321403e8
1.0409768054042989e8
1.0415501185517794e8
1.0421618044706717e8
1.0428016925892875e8
1.0434599449767348e8
1.0441272753597108e8
1.0447960902050659e8
1.0454609753555179e8
1.0461192693345132e8
1.0467711867584923e8
1.0474199769572175e8
1.0480716215524799e8
1.0487346025894117e8
1.0494190221228048e8
1.0501362749072164e8
1.0508980324134493e8
1.0517151310013133e8
1.0525978092494243e8
1.0535533295668042e8
1.054586745286263e8
1.0557003105016354e8
1.056891995841757e8
1.0581572056677023e8
1.0594875817818809e8
1.060871665431827e8
1.062295968503393e8
1.0637445627154264e8
1.0652006186891708e8
1.066646700612725e8
1.0680658416196054e8
1.0694421406039587e8
1.0707610877797973e8
1.0720112909842372e8
1.0731837871023676e8
1.0742725701123816e8
1.0752759144622484e8
1.0761948450460556e8
1.0770334207327726e8
1.0777992400369653e8
1.0785015096065244e8
1.0791508465718073e8
1.0797590551910907e8
1.0803373721584994e8
1.0808960477371964e8
1.0814438447471192e8
1.0819870962589058e8
1.0825295492589933e8
1.0830721917603633e8
1.0836133605193028e8
1.0841490300264502e8
1.0846734156578672e8
1.0851796467804748e8
1.0856603486762783e8
1.0861087024397805e8
1.0865191495899758e8
1.0868877441691503e8
1.0872128874244618e8
1.0874958137871188e8
1.0877401815966249e8
1.0879520786228809e8
1.0881401034694958e8
1.0883142793926793e8
1.0884857462801263e8
1.0886661180890056e8
1.088866687176621e8
1.0890981142459956e8
1.0893697115446073e8
1.0896890374382958e8
1.0900620681369835e8
1.0904930910828781e8
1.0909841370643792e8
1.0915359688794723e8
1.0921484122325197e8
1.0928196296426246e8
1.0935473797168562e8
1.0943292236941686e8
1.0951623606753555e8
1.096043799009974e8
1.0969707754264131e8
1.0979408103320381e8
1.0989508606301215e8
1.0999980289136827e8
1.1010792280023661e8
1.1021908642295247e8
1.1033287414961636e8
1.1044882373778462e8
1.105664256793566e8
1.1068511109260654e8
1.1080428954982695e8
1.109233630184108e8
1.1104173859492415e8
1.1115886520335308e8
1.1127424557874507e8
1.1138745032983735e8
1.1149811366679916e8
1.1160597378564423e8
1.1171082797414091e8
1.1181252911976275e8
1.1191094824967211e8
1.1200599698154801e8
1.1209755351857668e8
1.1218544727117625e8
1.1226941776702455e8
1.1234912581443894e8
1.1242411531652266e8
1.1249379750358409e8
1.1255744508158764e8
1.126142017463629e8
1.1266315042337653e8
1.127032883644742e8
1.1273359492402521e8
1.1275304938915217e8
1.1276081783935824e8
1.1275626008675829e8
1.1273902297715786e8
1.1270913531036907e8
1.1266709388305688e8
1.1261404316882026e8
1.12551699330129e8
1.1248242469561845e8
1.124092161010904e8
1.123356885855943e8
1.1226591782619482e8
1.1220430989203295e8
1.121554456000683e8
1.1212389056291553e8
1.1211378680152681e8
1.1212877684000242e8
1.1217172473383942e8
1.1224464523586825e8
1.1234814244700298e8
1.1248164795127627e8
1.1264330399278212e8
1.1283001232034364e8
1.1303743890461913e8
1.1326017458715335e8
1.1349210978994149e8
1.1372664589715117e8
1.1395699043177879e8
1.1417649795533034e8
1.1437907179764357e8
1.1455940720532909e8
1.1471325908892485e8
1.1483764127101514e8
1.1493084320635733e8
1.149928123801769e8
1.1502479484405887e8
1.1502931234122762e8
1.1500998315042284e8
1.1497128377425247e8
1.1491824132762352e8
1.1485627258716682e8
1.1479071415014869e8
1.1472661711636975e8
1.1466850831638223e8
1.146202055294962e8
1.145847125101322e8
1.145640193467485e8
1.1455920384343213e8
1.1457043887445247e8
1.1459707833997396e8
1.146377984242124e8
1.146907069451215e8
1.1475349697707996e8
1.1482367694859064e8
1.148986955155747e8
1.1497608072599322e8
1.150535523602868e8
1.151291077442376e8
1.152011001559717e8
1.1526825861780426e8
1.1532969576349598e8
1.1538489646214318e8
1.1543368853578624e8
1.1547620397243702e8
1.155128795185521e8
1.1554436810411677e8
1.1557151953939226e8
1.1559534722340032e8
1.1561699812597606e8
1.1563772544417945e8
1.1565886541965228e8
1.15681794352436e8
1.1570789532937923e8
1.1573851509360886e8
1.15774911536479e8
1.1581819371190599e8
1.1586927640692765e8
1.1592876027375704e8
1.159969036691525e8
1.1607356790371639e8
1.161581697625246e8
1.1624965886909273e8
1.1634651907207096e8
1.164467988623046e8
1.1654815421462679e8
1.1664795410819054e8
1.1674339307347232e8
1.1683162031114033e8
1.1690988748463243e8
1.1697570226008335e8
1.1702697815988937e8
1.1706215569292212e8
1.170803351912123e8
1.1708139737408498e8
1.1706598137679243e8
1.1703551231975394e8
1.169921604368147e8
1.1693875790324837e8
1.1687867729869848e8
1.1681567815117666e8
1.1675373997980541e8
1.1669686310109442e8
1.1664886084324625e8
1.1661318773574406e8
1.1659277319942921e8
1.1658988352647084e8
1.1660601870566928e8
1.1664184922900948e8
1.1669722394593036e8
1.1677112037533924e8
1.1686174554684624e8
1.1696667096351695e8
1.170829484941915e8
1.1720727195582086e8
1.1733615497041461e8
1.1746611520685434e8
1.1759385451844487e8
1.1771641442370778e8
1.1783133552149981e8
1.1793676704709274e8
1.1803152112588635e8
1.1811510093382859e8
1.1818768041686904e8
1.1825004176585174e8
1.183034759436081e8
1.1834965422146073e8
1.1839048071781337e8
1.184279371638076e8
1.1846393155270478e8
1.1850016430184612e8
1.1853800960286543e8
1.1857843566393918e8
1.1862196245202494e8
1.1866865553712049e8
1.1871815649847567e8
1.1876974553739956e8
1.188224294052541e8
1.1887504582451722e8
1.189263744263815e8
1.1897524395905939e8
1.190206261711798e8
1.1906170829745e8
1.1909793559258577e8
1.1912903057412565e8
1.1915498267225716e8
